13.042358894326918
17.175329481949394
7.998593192488141
8.611847548131148
4.859250316844877
9.67069124421858
14.65147532497503
7.765333404529361
10.902717201876573
12.913578907522785
10.269511556962275
5.604665051782765
9.634882166440125
6.648528354092508
13.818751245214779
13.351457775009306
7.969933973318012
14.476815357545492
6.624452927421312
6.068467087415627
10.21879831038447
10.742535806193413
18.84343193041108
17.349186159630182
12.245788941603742
14.647420968934464
14.314620691747495
12.370327759635524
18.565908211176662
13.8687711666472
14.59404942104776
19.072070131161613
21.97630671282308
10.940170112834204
18.42829745803223
15.86918035378943
16.366652663372633
17.528769120647457
21.334802642754777
24.856644604911594
20.88012097477724
16.198202512309408
16.496026541979788
19.56559197650834
15.120261216897806
21.790911920441154
17.068291946182647
17.434013748075976
21.25161385059558
21.285046518397074