9.899672192594984
9.218833367108545
8.110717653756902
8.461550226283048
7.000244116845123
9.145298792211273
9.575303488525629
8.610913247026891
9.4228992605705
7.596977739331533
9.040369019964373
8.524234568358958
9.544679101081789
2.7404860870698338
9.400103024359185
10.347450581362576
9.95659956149056
10.511804833056523
10.724563648256986
10.658382786949172
11.94870165115956
9.74941163903662
11.04352498546115
10.734780108502381
9.689350266959998
10.807668832277196
12.06067446747285
-14.71965789798977
10.665571707688096
12.39992270056823
9.713647801687198
12.378280009353908
9.463672405353801
9.995154965706268
9.268824633982756
22.77245836248698
8.48017786083996
10.029378930584338
11.793407707523388
8.938099797941376
10.045819915548694
9.311065046368828
11.971552448031854
10.390490595531054
10.055344867076164
12.680984592959986
11.254038315029113
11.734255640958978
10.952286528814621
9.951197651107552
10.265999755363257
11.870091038230917
42.00129625101382
9.844897300556116
9.361981407274738
9.640695785497568
10.4473323038587
9.150050490348956
10.05833059476549
8.934197257525899
8.41844298467657
11.27251507824627
9.161523546550125
9.839140791961903
7.700188386347032
9.420874620222769
9.795823999238692
9.3282980448147
9.502995096532938
7.810524962854005
8.566633805412632
9.174255523787197
8.422048552658563
8.782059637928306
7.71027582443844
7.185080917457231
8.77659703663229
-6.636133645512453
7.847966875676489
7.455269936604678
7.471491010782618
5.776211537105876
5.549551016514162
5.144190572567232
6.331180903075978