8.518596057731127
9.8747858297013
9.378530069929669
9.171585406982349
8.62117293958925
10.641068692255935
7.963009139224038
11.099032855172949
8.1319328669136
7.845895298833029
9.967232101553604
10.93295491713377
11.178001701220118
10.671886709098967
8.700537677967645
9.85124899506375
11.493602646869766
10.721696475783318
10.524632576669372
11.039387864608841
12.005230835621642
11.677700688025622
11.359402856865202
11.377214389033117
12.02205702767573
12.072747827137645
10.21036101208845
9.920911774066633
10.340587764694423
7.495072175967048
8.36764170763442
8.637112798335526
9.9679443868932
8.915907835529218
9.601334356794288
8.899831890330145
8.73126972315382
9.143279089341835
9.452406027874728
8.361414843496549
8.183771330605271
9.146403630656911
8.481757325269623
7.411674306634708
7.687657390646464
7.970002192266373
9.802090502913803
9.863236687611462
10.4761288208676
10.039895564825343
9.403208462664818
8.158803055214737
9.096899624180557
9.68457461715927
7.684483779940884
8.131136376462855
9.881427289318879
8.59403036657586
8.83560717474443
9.08012555150923
8.542453869576894
8.6250676130805
7.414397641968412
6.993257341320483
7.457418045102969
6.43426783670694
5.579981268140566
9.974786511122643
3.9117531424697685
6.262727760547218
5.4446397843726775
5.875471262744949
6.551274531659194
4.627199797572288
7.057396259531924
6.1516581469632605
6.065012838485384
5.038197127832619
5.385609970425049
4.692794225548624