-0.8109935767114315
0.02755077893243607
2.7400601857398508
-0.8542402577228472
2.8463139373645006
-1.3393955494403489
1.273942025051913
0.9327119998435561
-4.102311462266202
2.063896285370586
-1.3539484770547472
-1.1780893916060036
1.110973973130573
-1.045239538886576
1.6537345260691643
-4.596483143766353
4.033690880296055
-3.2162354418695247
0.4752184428728493
0.5941789983663638
0.18255358208696468
1.5340502065112451
-0.05281195636235109
0.35549612505516004
1.910359243964788
0.21332873896051763
1.6215431464122432
-1.1407638780392328
3.235819789177904
-1.798557028946644
1.2435693527949327
0.8232191159139861
0.737535859650354
0.2516252600772344
1.4058834851737099
-1.0263526967668732
0.8212662082612356
-2.403516470529117
1.05847165015544
-1.1053131355869188
-0.17914232499238508
-0.13389796932370868
-0.5551641556400255
-0.2690359156384076
-1.5516735006400428
0.4736432964948093
-0.37643127907977914
-0.4035411680052149
1.987055728842089
-0.8600765263425816
1.2425345353740673
-0.15459029173976951
0.03294275929047849
1.7565066625081236
-0.9713676784522438
-0.215203124234995
2.0903687853733475
-1.2959058602729527
-1.039706738910599
-0.5068933932893148
-0.30853756000404975
-0.7903699293160911
0.0074286073495370974
-0.02002373838156868
-0.20077256986066638
1.8367844547499408
-1.1079744126637254
-1.0990307109809734
1.1799581769634515
-1.4177146959107751
-0.6341227855703264
0.8988434708489385
1.2775067058660428
-0.5888112919208319
3.1247563125613285
-0.1525223129712575
0.5052222988049789
2.006956483049007
-1.5091712843045981
-0.13108746386909798
2.5770278702891662
-2.0097591710426412
0.41174920884947985
1.0152582054502224
-1.716361834038862
-0.9025194512708659
-0.4943928689560101
-2.3713536269621835
0.362300702801414
-4.566284367349519
0.5429137684784898
-1.055706704336898
-2.2980298885799724
1.7106342859892862
0.5780706998585168
-0.7961469519677652
0.14156664810759656
2.04904162777873
-2.578093689285259
0.9742738585320454
-1.4296311675544566
1.56034063993199
0.3906029893286389
1.464131755330905
-0.4945110215669404
3.091057773850793
-1.7047168231214906
-1.192885796016923
1.47431733978399
-2.982415492691481
0.7989672242540311
1.7131474793694612
-1.889531038909468
2.9627106176759233
-0.09936912462382569
1.2927084333795844
-1.7059355763115032
1.1890262546084078
-0.4144351969082114
0.1805566455764931
-0.013165284064679983
0.18060307646661378
1.6980759167847528
-2.1237718157081753
3.273447214390789
-2.9097748502135286
2.462000222200159
0.16232179266107516
-0.6168541979929182
1.5211933838110314
-2.6599017897279182
2.089016483849621
-4.232194717377748
0.6850252652998521
-2.340160052357252
0.22233349842017558
-2.5061584170865117
-0.1134899368158182
-0.6050665521107725
-1.6797172618993228
-0.12016674460260485
-0.6110361578472198
0.2688484761120362
-0.42013029904912835
-0.15987278376970504
0.0863921919585339
1.4106613729969595
-1.6153327133436162
1.240651795774792
1.4140312033261966
0.30655571816726224
-2.3750175361030292
1.577334430979833
0.9752437926600139
-4.208626152817887
0.023482734532694005
1.8664556509304728
-2.5049705111614182
1.2995951001893704
-0.4981768532156432
1.1764729834232193
-0.7217272510722197
-1.0302518897655717
0.5760617178063706
0.9947115788457279
-1.2998077009352276
1.0042358458518934
0.3225081159619033
-1.372672165571942
-0.3372962805356694
0.018511215700490857
-1.1980128427000292
0.24797529875721197
1.959765081751523
-1.1777810761621479
2.3741542084749194
-0.24753184562147285
1.4163985667354737
-0.35513943997588715
0.5763499062797545
0.7763704183702953
-0.050711846398618456
-1.2653668681088477
2.268748239829077
-1.2733451204006672
0.7342927533172006
-0.6506437895554956
-0.1022535464073503
-0.3711423269752979
-1.2333719023593912
-2.0020188598744726
0.5965366045703706
-2.2039946792431833
-2.0219044957298666
1.8630507189452525
-3.2799291935794166
1.6095208029994108
-0.09893601893675874
-0.35668296690285817
2.2407175939088964