1.2898682060152542
0.15459597896323024
0.13308805887246028
1.4848103637115386
1.1161739215062332
-0.28411197211196487
0.42457979231307896
1.045181238705869
-0.1897175232718381
0.049081464717546985
0.5632268627791523
0.20471774712731847
0.0989069563641034
0.8085069010083636
-0.14003720020252364
-0.791918254076744
-1.113784030003316
0.6656338471913688
1.2066375878600033
-0.8292195733559603
0.2091098071976574
0.6590934150278297
1.1908260489102724
2.1560466675174874
1.4554604566433926
1.1021653893246806
-0.5116487196464425
-1.5546941185863448
2.0359411554137186
2.8183144562505733
-0.9645605383418772
-0.27032037179201107
0.838358096262549
-0.6690200686110126
-1.5292164159499355
-0.8184517512965706
-0.5138742956917435
-0.9143115691290556
1.5190490868915236
-0.6580682468152841
-0.05349692515748261
1.608567280177067
-0.9129228059768626
-1.0303583382112178
1.7006891785285267
1.2525106333104277
-1.2637067971780536
1.0601628927328395
2.5660992780664325
1.714884443037854
2.4745428270731424
1.4708892956924182
1.938600383872128
1.985080264758309
-2.490158508985825
1.5447935903256869
1.7226553342611388
-2.150783067064048
-0.6499060235677583
-1.259238555912179
-3.061012832533052
-2.501589708303604
-0.7341624353580369
-0.8421678193528668
-0.737040722602739
-1.1827578484500367
-0.6727225983542979
-0.7796329874881462
-0.8362035473625994
1.2358624717367155
2.3621746258760083
1.063370763244313
-1.7437743213810235
-1.367116840072087
0.7696569580702138
-1.4258968860160144
-1.5049343415462813
0.9955408871691669
1.000426528407453
0.86185869607677
1.0597025087252459
0.7316384603584303
0.3606873942546269
0.7301012923925989
-0.32700491051599223
0.03703537103803334
1.509426176582506
0.12657576615117516
-1.2855957672251848
-0.46281682914082223
-0.14801321205923829
-1.3887010826362314
-2.22970484181226
-1.3713985111173723
-1.0096013568082325
-1.4311556836129826
-0.6097044756330088
-1.3665504941504334
1.2563088109474525
2.508878768901129
-1.4342215966463763
1.77417752260133
-0.7116096076722211
-1.318864315901596
-0.8514330862230837
3.845346223973265
-0.5829729122968355
-0.2316093341348614
-0.379730214487191
1.9218870119843188
0.19109787030894554
0.8620862251751711
-2.7932592881789
0.14134250008742913
-0.10304166312069951
2.5747894176125476
1.9852935381671795
5.01967163377561
-0.7368142213201083
-1.0810108324302572
-3.0951006779112786
-1.728953014067733
-0.4623813004675771
-1.1191552106202007
-0.4370153518280711
0.576061865025957
0.4320762550853099
0.3806783251254018
0.24522039689027803
-1.3770429812753906
-2.0943812882708257
-0.295930966599519
2.0284421913964197
1.6241066425974195
-0.7594792915905892
-0.6646691202123718
-1.4167253032052303
-1.1940044972249924
0.4934606298165065
-1.3955730241585296
-0.515719667159697
0.8953796160820741
-0.42801309617004957
-1.4563520907439778
-0.23883439524326355
1.9816907065539455
-2.88092417480512
-1.6365556966451156
-1.0298008939992638
0.5120495901770704
-2.0215292659371213
2.939357460172475
1.1073509487749091
1.484021900037531
-2.096695321740248
-0.7557854718734267
-2.478858457151003
0.1521576750570568
-0.5243380418107021
1.165637485942248
0.07719863149995336
2.9647555412872495
0.7519995542491844
3.0542511314385923
0.04454649298170055
-0.892741796955124
-0.3593996767258964
1.6762580296248444
0.04506426113258888
-1.5578022116011778
-0.8857846209053475
0.16480429262527785
1.362013068675836
1.5030962563680097
0.9238867270688206
0.02903276209041436
-2.6161922745143302
-3.3406114694599696
-1.246873224066274
-1.7892129354243107
-0.493430833504783
1.0902629415866627
-0.8415393864556464
0.4688662659432985
0.40360790831386417
-0.6063276712192264
2.356538403286586
1.667364082191179
-2.120779513855101
-0.8125225380635139
0.2411077270927554
0.6724453031062044
-2.4899124076937507
-3.3783671818807113
-3.9619101953667615
1.0587245207945013
-1.4255843935143941
-0.8705196976335182
-3.2433105192538383
-0.3038165477677526
-0.9593779679351537
1.3378171046284044
-1.3888781554036682
3.2016166760654965
0.8153075227865683
-1.6750804806807518
-3.7821221359569823
2.206466169268394
0.4478730558165729
0.18045349935845956
-0.5075021136012277
0.5938258075500334
1.593997107847858
1.0711346315943524
-1.7829434261676416
-2.0677971318813944
1.02622861618398
1.7562795825257866
0.15749382074403723
0.4635450869961369
1.4260060695212307
0.624151674815243
0.4090311167850781
0.5156899404474448
-0.023857562804477248
0.10620412050111888
-0.6510766969472396
-0.8263316224317773
-0.6655863121680566
0.6855348180647316
0.4068827052877778
-0.3786305667232287
-0.0814256006428522
0.4577979133005601
1.045476152177169
0.5945227719175529
-0.1712894570818035
2.743638529736411
-0.6567323786394907
0.46693230101508715
-1.483286452172699
0.3571030243906395
-2.0056250108735667
0.46945408462717997
-0.15822358122235475
0.9889606615900527
-2.907620987106105
-0.7874746628760206
-4.19453144949723
-1.4622782833823074
0.5953896779470312
3.0771747207615
-1.9996161013748166
-0.6150957661357901
-0.9391831889393871
-1.0437997106925911
-1.1327872864742332
1.7458858316299735
1.465936394441311
-0.9917497989654362
-0.5412447261559373
0.20553456308749973
0.4756740489405813
-1.1796768022831232
-2.622154117322623
0.8109801787481272
0.7855827215098297
-1.4685058141088034
-0.34696176850577
-0.5915756243332482
-2.3461127234912817
1.8451756195845115
1.8849443845634541
-2.122686591800067
-1.860521065135685
-1.3440464709142197
0.3382116945323414
0.5925985984803728
-1.488568854075301
-1.6622420258038724
-0.0074790193853238665
0.823042260307319
0.2650438198211963
0.36382633157929023
1.564621654631504
-1.105561294923146
-2.7740158619785475
-0.11121578645814167
1.5108423029166245
1.7015739512851051
0.990270091376162
0.2183864305822619
0.3459582404815144
1.4197628290396063
-0.18859580198035442
-0.28285250867517164
0.645045796233683
-0.8595007199140106
-0.3697360412940874
-0.1614344840883102
0.9240733041648085
0.24244767979683124
-1.738589931324881
-0.2752418266576828
0.159923031812086
0.8785284132405725
1.7431064658382605
0.6692340401414754
-0.2622527356714001
0.09888334335038751
0.4485676840999119
-1.5946061467142036
-1.4335249321611114
-0.11827754036118868
0.2973471498743449
0.9212138730005117
1.774843326148209
2.4285122690413794
1.8741247785857826
1.2654945313957506
0.266003108345386
1.3354440464186785
3.089407189261102
0.6513441218672663
-1.7243675435151875
-0.8448780424050407
1.259115323686381
1.103656630387715
-0.2735610937969451
0.6147620151474127
1.3778077954035899
0.8404848142500393
-1.8053229949837764
-1.435402097341902
0.022980102169855465
-0.9750248496482046
0.5251561884587383
-0.08665955680668092
0.7103842186881656
0.7795860873814823
-1.2958124400054412
-2.2958521985813674
-2.339546209414274
-0.37428558010564383
0.9706970969531639
1.6286495816808877
-1.4092839861446118
-2.5641333525044985
-1.5378106199631496
-1.1696560541076126
-1.9876878611772235
-2.267018666637981
-0.16153852347550976
0.5837515750728501
0.3669493936133363
-0.5105342453046847
-0.4583078955271003
-0.4036545887280907
-0.6924909539015787
-0.5560051546104281
-0.14861214437079592
-0.6952049990040681
-0.5009630897742724
-0.5582242414999472
-0.15613816650651036
-0.3088673150968416
-0.8167409902382801
-0.36562145364132465
-1.8243523158112702
0.3527393156668266
1.3543734889755452
-0.13135210530877328
-4.539680543710909
-0.48352025349205396
-0.7219667084149392
-0.2899727220061197
-2.475344716012347
1.2280165796283748
0.058601860606849965
0.32434432420542136
-3.522423494604053
-2.22254352239883
-3.734676968502778
0.6613521932439738
0.7176426720767877
4.7382326627577065
0.926524253121118
-0.4817620756955915
-2.870032229081679
-0.7090211932459477
-1.1578776636776626
0.9178801206859386
1.2560707670758398
-1.175629638729646
-1.9931513834853012
-1.2757914016603071
-1.7039383611107453
-2.240886165999804
-0.20300402597263256
1.411531003884606
-0.5466284452252518
-2.9918055015536327
-2.5980156994262282
-1.6185324936286771
-3.5749430617917817
-1.5460747292596373
2.123768352559394
1.5094702475658366
0.32680069097636466
-1.0265490452693196
-1.4397394485938264
-1.2348694979739774
-0.17898069848995612
1.090057259916604
0.9058655820986223
-0.6878045947297959
-3.0109346102292127
-0.003201481698726749
-1.1871575746492589
1.6552971140153003
-2.1385437757161214
-1.4817895288020364
-1.0966937123011966
3.548119836619532
0.49125129380135346
1.6882198842386262
0.6794201106508255
2.6040032490336644
-1.1098671426921938
0.20690559079561394
-3.3693512875870937
1.3793493752428811
2.39989664353838
-0.42395938884545026
-2.2165330013550335
1.1346632731426125
-0.7905062490280828
0.5108180572258005
0.7191388845423168
-0.9539125122636201
-1.4513406093817758
0.43246106365696013
1.6538087024724708
1.5334356929755453
1.8524277749593039
-1.104592430396066
-1.3187244099413062
0.1755671402721995
0.1024786541419571
0.9551825326780055
-0.9900135494647779
0.4598829317090256
2.615335775053531
1.1861508335157238
-0.5174081838170844
-0.09381853467138068
0.6544788102255757
-2.3471756255319436
-1.9931561927590784
-0.2615085491443372
-2.428463595071327
-1.5296166827304805
1.335274152566086
1.1295401439678217
0.5292412166024417
0.1269933256265986
-0.48910996704230103
0.20064883364320574
1.1237747055624683
-1.1388510985297462
-0.8505780998906256
-0.05746397914345358
-1.1333149287479407
-0.6171541318841157
-0.2971592335659795
0.9871594430183839
3.0582196724367607
3.1923301607664616
0.46565448553030964
-0.7307496093334862
0.2772491894715225
0.29262601993888104
-0.8431543878160261
0.4352445078031806
2.839901598751352
0.24666949526127802
-2.0241563836734078
-3.208011190527436
-3.7046398655908765
-2.146966598741
-0.24133953513562945
0.47348012915336823
0.45850272179975776
-1.4411903841072942
-2.547059959387939
-0.6500595487084396
-0.8446620199208243
0.040946565263008994
1.1750038819890463
-0.6222019194437691
-1.9228700059518966
-0.5333772259874979
0.1809668275906567
0.09857124968988007
-1.930505691568613
-2.3811498009864653
0.58171441589979
0.9745951561365926
0.568887815490729
1.8671576044846814
1.8750929305235844
-0.6780050137103573
-1.6702158328235233
-1.46386230910676
-1.4958525080991216
-1.2533103317254102
0.7531649069827618
0.6858200714437145
0.9957609173369645
0.8559364918341275
0.7825636138399643
0.295368164396542
-0.8086273803288558
0.9678500653680621
2.177366517165223
-0.2600306156649774
-1.7226734641103694
1.0763197390058679
1.802702797486877
0.28564761809513517
-0.7819433096003767
1.42643244285121
1.7333257690099098
-0.5069958864229508
0.49028367560953356
0.6645523580415935
0.45802683746491674
1.7089860545065978
1.393381144701881
1.4198899352571654
0.7969231953516641
-0.9773169465189655
-2.528010648823683
-3.3385391131852704
-1.92880339898864
0.6858522378798637
0.7999712947967065
-0.10927360489069675
0.8362467265039878
1.7491998216369262
-0.09044909720951777
1.2926878861588442
-2.7557929102298004
-1.5762253523050322
-1.0180324016473876
2.0904844908134956
-0.45666506449180144
1.4149226251631273
-1.468003536751134
-0.942565029822183
-2.891452396177185
-2.828369531534095
-3.3257581342365343
-0.8271791062713579
-4.351583778307978
1.141101506762848
-0.7203271995941464
0.16258050297518523
-0.3135746656273136
-0.12904374722838152
-3.5508823269590284
0.2971159588087735
0.5981836979955751
2.734511570804024
-0.01895327662946307
1.9595781652203583
-1.0920876220128954
0.05866075700717323
-2.0655828000237646
0.222042319580797
1.497106753506404
5.139535379771498
-1.0805218686617044
-0.08733140214106405
-2.565849803573058
0.15192497608672717
-0.7071506150023348
0.5031126424051152
-1.3991694524976412
-0.46391008001495276
-2.9183221519950693
0.02360287726143251
-1.3647592437657503
0.05470819622172618
-0.3683506352583328
2.965652916531643
-0.8058387337008627
2.9062596778782086
3.2107750758202935
3.9971094706108246
-0.8332096934380668
0.05908707260560564
-0.5201863428264996
1.9068922679787683
-0.8541383286511446
-0.06127579488843676
-0.7401211487673236
1.360968208093713
-2.8031006630896504
-0.8216472548671252
-2.9857560662333027
-1.1077132530173244
-1.3664340695522121
1.1092324266047289
1.8722404746808867
0.3816735832624385
-3.2967165980904487
-0.4234648456264366
-1.5087744814903246
-1.4139836582167846
0.900027644314217
0.7923504349840158
-1.1142728091587277
-0.38905252108841804
-0.33580297583215624
-0.5284820371467874
-0.5309874498564925
-2.441303808244501
-1.0340612889395693
-0.00222063910853465
-0.7015080017539712
-2.0534858080449774
-1.8427656427924755
-0.8996027744573966
0.2678763675311613
-1.0737647757995334
-2.362761288063594
-0.6245452189622669
0.6908622940453277
0.909598095408051
1.115152416168211
0.3379761637253803
-1.0459667498993557
0.5942267608108255
0.6133545287601988
-3.157512824408942
-4.107228506449049
-0.6334578040788118
1.3493271356650163
0.09727740925218586
-0.2932848834259541
1.3802140822498434
1.227507093048696
-2.0601483331324086
-2.898142643555843
-0.7705143374825145
0.09228985546293972
0.6650808091806518
-0.6432809425038407
-0.6641008369454472
-0.39377311897748846
-1.553222623514451
-1.3756591561095401
-2.8322260644759765
-1.9505182927751024
3.142219502153048
2.669802083926956
-0.3308375804731411
-2.4265243705126265
-1.4426577781531291
1.4524633655592907
1.0863831889325277
0.1722825855754246
-1.8416504083424758
-0.23133547054763115
2.9721032082703243
2.454327514550149
2.6699163157767085
1.8924109700935672
-0.367420091693153
-0.7676029455953881
-2.3255658191241775
-1.7476542559841375
-0.7556325181415053
-1.6059302658466819
-0.1926534384743962
-0.6967423233534733
-1.342345573548834
-0.6395623976215921
-1.0151236994583592
-0.9790373724892885
0.20262528260520402
0.19454368199998145
-0.26536947497512675
0.4012863554166456
-0.48452332441270507
-1.4979753828617932
-1.152707369701444
-0.02324649176975474
1.093280244240157