0.10227566649793383
-0.021767295534324042
-995.9762090517487
-599.9286551865114
365.17149882329824
983.9434694927642
669.5893609833334
-279.87557544226064
-963.8631036109648
-733.5843186742276
192.52776991957114
935.9656459487405
791.4570391202718
-103.7985172488046
-900.6391831627192
-843.2282908733242
14.087134856136512
858.0825318096553
888.222641245616
75.92931143155712
-808.3481499242442
-925.8450312173513
-165.1261272767586
752.1868365058732
956.1234894680387
253.2720301596978
-689.8885494696939
-978.6027568386532
-338.97978939193166
622.0719298895141
992.9907241963651
422.0080154077776
-549.3553722717716
-999.7694725564328
-501.8261497105333
472.14227447298265
998.2103042133482
577.5310147937387
-390.91370892513515
-988.4896843115283
-648.2665131073118
306.8441673910855
970.8676156071037
714.086325259746
-220.0704552833622
-945.5301534055606
-774.0450900671157
131.60794146593804
912.4362038478171
827.8724201205214
-42.11643386483315
-872.2613391206015
-875.0470605723779
-47.93758932931291
824.4242858004802
914.6922233675677
137.4449445438526
-770.1799957431751
-947.1555671205086
-225.56180581734574
710.1405518641402
972.5478407981793
312.5494181683344
-643.9641409760427
-989.5634676380469
-396.4658905405174
572.5433291296372
998.3178661250644
477.0481053664759
-496.8031832110001
-999.5721239261
-554.4280226660577
416.53601727575995
992.2620659224874
626.7355159460727
-333.1506740321094
-976.9610161503199
-693.9078306842273
247.4746732642574
954.1760927080463
756.0453556759793
-159.1444255493038
-923.592362173689
-812.0413396609207
69.87936907609028
885.5068874212234
861.089464446837
20.02466722305379
-839.8009295944008
-902.922705868739
-109.45782589191242
787.8911157453921
937.9111050901636
198.1497894684911
-729.6949280231311
-965.3812134442518
-285.4393686117085
665.2020974172486
984.932226421606
370.4755718333197
-596.448249534532
-995.5754290210429
-453.36674300891775
521.9241974018599
999.0676785165842
531.6506525245367
-443.02858319877987
-994.5172063532078
-605.8387523753365
360.56663451677537
981.8030735657604
674.6481692911344
-275.4942325556593
-961.2808257192443
-738.3892675787962
187.92916442389506
932.9981526376863
796.1552390967239
-98.77422158840669
-896.7793701586528
-846.1513947392255
8.236053709846216
854.9151175665169
890.6716975371246
81.62649069964097
-804.85952355288
-927.8669625450761
-170.7368074908784
748.3704760021458
957.792795963243
258.8309261679971
-685.6261543168682
-979.6729357155192
-344.3845867848119
617.5443132234367
993.6725469369561
427.27081124728653
-544.3758452268535
-999.5755127524849
-506.4788109514351
467.1968599336593
997.8616161409557
582.1963131115639
-385.58811845275653
-987.5303178590282
-651.6336684827407
300.305443307518
970.4543537506352
717.1114626259728
-213.53350709060635
-944.8742699018617
-776.9528457128405
124.73875714889121
911.0148256775761
830.0977870580183
-35.235694782828766
-870.2355571096361
-876.7511337251354
-54.84341599178933
822.131087853151
916.1750994716225
144.0500891931018
-767.7651800050153
-948.2706447927814
-232.42606492266074
705.9469621688643
973.7512125823313
317.9002067231376
-639.4262611028053
-990.0624391649258
-401.5512344007181
567.906133257577
998.7877480512229
482.2372186072012
-491.79877651026186
-999.3788315474002
-559.1553715767164
411.2806568729407
991.5414931496457
631.1545795113472
-328.0155233584138
-976.121611410908
-698.5236232810207
241.50364159627492
952.4748989305584
760.0493702594973
-153.3620470655803
-921.2765575577511
-815.1137808429825
64.31102250863489
881.6720517380713
864.8001710956373
24.635089690447828
-835.7651207472561
-906.3976662959742
-114.24383065224364
783.30105938374
941.0366502372757
203.15863784264045
-724.31490585043
-967.747433790344
-290.1716894384354
659.6625087356368
986.9721841471256
375.02616705881155
-589.5789618937487
-997.7905211787454
-456.52290334907275
514.8079578450275
1000.9758547176724
535.5596868300827
-436.8001985735203
-994.9394674133962
-609.394651738363
354.22579734248444
981.7718772704372
678.079307808616
-268.7420472835399
-960.6899954618953
-741.3545120264733
181.19188227811665
931.6484838681554
798.3227377142917
-92.17681368176103
-895.2803568395238
-849.2152535556085
2.3934173502846994
851.7920948087574
893.3075223581138
87.50609512195201
-801.4719351625421
-930.3593822757498
-176.75439305536966
744.4910982492538
959.465193305886
264.3070125171877
-681.5163133694484
-980.8893453054731
-349.803940381929
613.0088028153625
994.28355448891
432.50155120878804
-539.6656066927268
-999.9952468886308
-511.783702876135
461.81011642184046
997.4432639751392
587.0622686591797
-380.1598054098004
-986.766904677101
-657.2589007826642
295.69961738341044
968.177338630087
722.4020507958078
-208.5774512079568
-941.6320986868488
-781.3768928101817
120.10502079857986
907.665237228823
834.3416803718939
-30.220639853013562
-866.0132488236288
-880.2960946423179
-59.468566607273594
817.8470313437841
919.4681242996139
149.05728649345542
-762.7125169401621
-950.9645548523176
-237.06284068284955
701.7088270909551
974.8553956929729
323.2274191462252
-635.1916648745037
-991.2240383089629
-407.21245492350437
562.8279201162724
998.9531433663911
487.53717767148896
-486.2950180036955
-998.8426274980217
-563.8822275570031
406.06994318490956
990.8487985509832
635.767789507902
-322.2732459787849
-974.659475484085
-702.7172147446138
235.75267777802975
950.6853605676655
763.8436986663638
-147.56502291101162
-918.8856330602166
-818.388357075209
58.54687041586968
880.0073915847296
866.8253575382812
31.54766888743934
-833.6606852659442
-908.2193840854832
-121.3345119520249
780.6113356490596
942.0574163842443
209.7953992107988
-721.5801568964476
-968.4941719756979
-296.7861485468078
656.3996530689651
986.9211870360964
381.37530242304706
-585.7768264565834
-997.3149677740975
-462.8534386986311
510.7053870668537
999.8536008212753
540.6359755663387
-431.4215777605806
-994.3913684700115
-614.1886066418816
348.54324830538326
980.4638739512448
682.2282758847399
-263.21745248702814
-959.0497748485122
-745.2638385142919
176.31558620788545
928.6135853025177
803.1696552949555
-87.16885050282575
-891.8297082022171
-853.6573546708547
-2.649251569627512
847.7960811402744
897.0508022671079
92.41389398218523
-796.7546850628936
-933.0984718901277
-181.1865118963085
739.54084712629
961.8374310424815
268.7972309897073
-676.0540446948717
-982.7247162083914
-354.2439682705571
607.3350175711776
996.0193923402337
436.89264367698354
-533.5744049625051
-1000.8720233772873
-515.7495029633527
455.61824705771636
997.8990401236942
590.5947884402518
-373.7064164526845
-986.6609589975428
-660.6309245514209
289.1942159282411
967.7801309170463
725.3354407622742
-201.9276764333315
-940.5292081329096
-783.9411629292074
113.22166051228194
906.2804962673144
836.785030585799
-23.4879523005231
-864.4307023578635
-882.2597273336177
-66.44374051513736
815.408337072335
920.6833065156852
155.5953830862358
-760.1113490252935
-951.7863186340031
-243.6409731000751
698.787032811011
975.4246632920803
329.9525576323936
-631.4177146578459
-990.6658797798426
-413.21163791335607
559.366495304546
998.3743690282498
493.4359102186669
-482.5878132127013
-997.9261601765232
-569.894240650697
401.53154283536173
988.8266475438139
641.2060749966921
-316.6763397075458
-973.1362757583549
-706.4279821851886
230.4594845171281
948.9104582262839
767.3415355274369
-142.09744449118773
-916.6860733167374
-821.8176512523133
52.49519049406838
877.0239030560915
869.6548184008486
37.419171494435425
-830.2819051580166
-910.3656107020612
-126.79388233302562
777.1260953204173
943.9272157768477
215.5026975217751
-717.2402861294981
-969.8044936932768
-302.53364974589465
651.847512078101
987.974108262752
386.90877676562945
-580.0249467137216
-998.6211024834025
-466.8175690517126
504.7808095111721
1000.6330678763877
544.2808089763462
-425.2920409943934
-994.473707372191
-617.3852575184908
342.23051169363475
980.3714414349173
685.5714854816932
-256.5321314730758
-958.45565697207
-748.2158540887591
168.61414888137102
928.3887889918358
804.4312931572925
-79.55901924611999
-891.2381812873981
-855.440691293359
-9.16256723976983
845.749946219814
898.4535743720043
99.08837917366232
-794.2524716971886
-934.3252975019892
-188.14609030251125
736.5230233016258
962.519338653405
275.3627188190387
-673.1139811857967
-983.2767524181236
-360.99128251868996
603.6243658812326
995.637727764572
443.26409374410565
-529.5233894018875
-1000.0106097291173
-521.7835054602336
451.4984970049337
996.4468477847535
596.1876703894652
-369.4244199360985
-984.4492635961021
-666.7333887667689
285.4909295790122
964.0491648504374
731.2377277951027
-198.2568709556733
-936.7579329560391
-789.9105825106473
109.24270666246693
901.6366997039692
841.619288551323
-19.86209663917024
-859.4517639202177
-886.9412573040207
-70.1329427285192
810.0852704937165
925.0041166422469
159.60372076847412
-754.1882988638076
-955.6724124362357
-247.5890695076127
692.265061668029
978.5728661487909
333.5839076045382
-624.7657944685801
-993.4123041000704
-416.71330972638054
552.1485192164539
1000.3618715453936
496.5726611945136
-475.193935913364
-999.1728001661871
-572.4365033117043
394.2076156661917
990.1627520077238
643.8686730719108
-310.20559856536977
-973.1053321958418
-709.8481311042201
223.76946248118887
948.12705679661
770.1030948345357
-135.26256219844203
-915.4280165425594
-824.1609218408156
45.83014224234347
875.3207349012174
871.4762685908812
43.99521202999586
-828.2431064409847
-911.8509220272591
-133.6180101365361
774.6082111299679
945.1663917302432
222.35414241055904
-714.3304479157022
-970.3991629909825
-309.10698203523737
648.329910942296
987.6557896450855
393.05698935997077
-577.487956271152
-997.0885085604426
-473.93611869141586
501.8878670818517
998.9050588276134
550.609240351104
-420.95435406969455
-992.9920121901852
-623.0078236676579
337.8156708896201
978.1858886652946
690.8200988479105
-251.84625073406198
-955.7054410612495
-752.9913455925241
163.86499410234043
925.1852532016812
809.0290566380744
-74.47005507258811
-887.3641839659651
-858.3703747862185
-15.095347515369284
842.3887031411264
900.9213968780374
104.91635277625714
-790.6592981870763
-936.3386400369322
-193.86591430628047
732.6700869265277
964.335631741897
281.33357227614385
-668.4275735785938
-984.0310120550719
-366.2419946145701
598.9787379336307
996.1654061857356
448.46216132768876
-524.5011058563571
-999.8232477479609
-526.674075934128
446.1205171577072
995.6845960413523
600.751141962335
-364.1354720198753
-983.7190633828028
-670.1951992543692
279.0487302357835
963.69684344764
734.4738411600428
-191.1513473412309
-935.369660493036
-792.2394508812465
102.5749895396253
900.090296233275
843.7659149555263
-12.885929847573209
-857.3631242087779
-888.6197643368055
-76.86599361142144
807.8896306396722
926.3946490921779
166.38779524901184
-751.2445394569586
-956.2185353704056
-254.034770321523
689.2350169389197
978.728609452758
339.90446139963956
-621.3208170588662
-993.200763781528
-422.91793295170635
548.5598550932465
999.8481164289623
502.91113058302113
-470.96179723498955
-998.0114640224692
-578.3221601687405
390.0696742412036
988.4852235441184
649.2518387637012
-305.6540201962855
-970.5959244199631
-714.9351771418649
218.85749624463804
945.0392267904066
774.811766014169
-130.46494336647052
-911.9638762702775
-828.4478963041402
40.821977358354246
871.4849880028395
875.5144092958745
49.10654667763335
-823.8499950209867
-915.3796463421083
-138.58790085772836
769.6560792046618
947.8072680933083
226.96650086795802
-709.0933166013384
-972.6608228875925
-313.7635144225111
642.6524599451051
989.29020731931
397.32635864423
-571.7253229048193
-998.5861554683286
-478.3684302264244
495.5331415932368
999.5025120825765
555.4239685901856
-415.52311356867773
-992.2966949983993
-627.7320361655007
332.363260566694
977.1330394204426
695.0172437320238
-246.20865028473733
-953.9008281729191
-756.8791651169353
157.09573127995762
924.073024840286
811.4431320501849
-67.76383194805443
-885.7722411222944
-860.4722482871438
-21.886720020019872
840.3977677606592
902.5156585628106
111.72479130438013
-788.2386823343508
-937.5682655845939
-200.67271084582248
729.5859967482853
964.7350461752884
287.7922207629508
-665.223094537353
-984.2073182510303
-372.56643408150836
595.6576811908058
996.8735733689548
453.648550338842
-519.6906401396361
-999.9183557882399
-531.605444254696
441.0032684046524
995.3712190117833
605.5715075739304
-358.5916037811959
-982.5360980455165
-674.5819750791952
273.12423676210244
961.7167324809333
738.0978868152379
-185.7080527417479
-933.4234013212388
-795.7525458288852
96.68135182523575
897.4489667488356
846.9967265463774
-6.941086448838639
-854.4210842826666
-891.4752129134845
-82.96651323741
804.1833765846917
929.5485360809944
171.1405697074969
-746.4445290243084
-958.879913312434
-258.750346933392
683.7469325342197
980.7512669624106
344.366516251802
-615.6092861973952
-994.8114268851486
-427.424698817064
542.3901518714509
1000.6522756033091
506.6809833977436
-464.79080564695096
-998.5334283364596
-581.9629568633786
383.6571416203588
988.3160661507331
652.3730190902702
-300.45795616440097
-969.3867809018276
-718.9727764706024
213.2288629209448
943.2101748107057
778.6151578602089
-124.52075841211607
-909.5234088370403
-831.7520247151505
35.04910907687858
868.6876274453292
878.3095308248614
54.78983788912264
-820.6715441484988
-917.7367876024679
-144.29066343235394
766.0476283460187
949.8057776470981
232.67407450825593
-705.1629818118055
-974.021171223126
-318.9641272569724
638.506071296044
990.1724616322407
402.6287778794107
-566.7199122159532
-998.5737948490706
-483.2241936954696
490.6092931738848
999.1756410992435
560.1301729235854
-410.11080384127183
-991.3349279847001
-632.2071891795842
326.6584657343996
975.6969475933462
699.166384294004
-240.60884502709447
-952.1361498137205
-760.4536965407157
152.74465407472232
921.206829297865
816.0524912845924
-62.882948534013856
-882.0902600942719
-864.645691916511
-26.993212442877272
836.2390634491863
906.1624329920302
116.61964902462014
-783.4957753391619
-940.4150883813006
-205.25534528343124
724.5502833506732
967.0913673647999
292.2961259572407
-659.83434604196
-986.0664982853328
-376.9887213500898
589.6312760308032
997.0347405910267
458.7175154242745
-514.8127315075782
-1000.1176474003174
-536.7432344611324
435.806245957855
994.828681036327
610.2791252530808
-352.82415776328537
-981.101342138369
-678.7597567967113
267.55607400979375
960.2522294875126
741.9807269742503
-180.16041256742145
-931.3599955003358
-799.2060642188436
91.08441882097377
895.0567322966884
850.0703407637903
-1.1436342498417846
-851.1738445110575
-893.6977018459804
-88.48503535270375
800.7232065770148
930.5418222145804
177.7048049921118
-743.7092644352593
-959.6807810278467
-265.47457985180296
680.4990742513739
980.9836691986742
350.84292615017023
-612.1764252961156
-994.556149157046
-433.663745202905
538.3973969223931
999.7299799486938
512.7913224587303
-460.5847980767004
-997.119693286467
-587.7761689080369
379.24538690660097
986.4406290790713
657.7732285767644
-294.769762263033
-967.7999095081979
-723.1524119297362
207.37842558639872
941.280426858856
782.3263179297111
-118.6637007892856
-907.0900058402631
-835.0247919896831
29.168284798343006
864.5347870489018
881.8558155587531
59.65193207349283
-816.2473419226875
-920.9686348501778
-149.04930925753357
761.1274682327571
952.3823740771653
237.20998632277394
-699.8270249181124
-976.0253104195211
-323.36479676418685
632.9758431286062
992.0692566170788
407.1989522376146
-560.9797551944868
-1000.1581016375703
-487.47336381111717
484.5576149904391
999.9364775958635
564.8885150251963
-404.87219354794973
-990.5592818221132
-636.4330926415688
321.4183705534867
974.4328632082974
703.3816314700915
-234.91677479059433
-950.4526724941577
-764.4806228162837
146.53917579156766
918.6431785608634
819.4437274385302
-57.09181923217195
-879.3857666350766
-867.4532662836773
-32.83732370266451
832.8466324894671
908.5169572435098
122.35556661691713
-779.789163607788
-942.1618114951945
-210.81199630683145
720.7127210547941
968.7581072949475
298.84631418104783
-656.5766459314686
-986.10394307603
-383.26560362428137
586.052009550666
996.2905425642818
464.60879683913345
-510.9516237649255
-999.1222210718086
-542.808793882233
431.2768597083236
993.0362366839717
615.8453016824502
-348.6437496146098
-979.4619790999028
-684.2809518871835
262.9916837158991
957.7230558664329
747.0047255771858
-175.37903734085367
-928.284147090096
-803.6924269321266
86.24323634371099
891.3039532607747
854.0335533659463
3.7448379682177677
-847.1351733250277
-897.6004765007914
-93.46540979176726
796.3773238729299
933.8710198306477
182.51721835018913
-738.8328440516422
-962.4752181921066
-270.2342618117463
675.2160618956417
983.1517639204702
355.4152087846334
-606.3710093908246
-996.0444368909381
-437.8224139184256
532.7518652422043
1001.0233918967049
516.6563424579726
-454.6487295689572
-997.6471305910867
-591.406941718118
372.64947966715147
986.3476676039937
661.3655584324785
-288.1199770137043
-967.4893768823608
-726.1926132152571
200.78166532446974
940.4540431102946
785.0657958843655
-111.89446157955217
-905.5555399988307
-837.2102470809114
22.15484779990891
863.5978055278417
882.5333083817935
67.21254362553904
-814.9130602564192
-921.3344733451314
-156.0705094122113
758.1589076443167
952.9308202241311
243.69331369955736
-696.749587330162
-976.5550514717584
-330.2415949301003
629.2653488035759
991.9052202969845
413.5470375103093
-557.291785882786
-999.4747935712516
-493.6410784017909
480.26047941313067
998.6155491535644
569.7520119827178
-399.6214267598861
-989.9367572819032
-641.2685582499362
315.57229944986386
973.0051281027537
707.508452966607
-228.99736423787303
-948.2232488879157
-768.0712086618379
141.6467767908433
915.0098545891819
823.5368315309117
-52.12593941541782
-875.3837862740846
-871.3063883930357
-37.593228877230814
828.7924368453447
912.1198419086611
127.2555379990148
-775.1383848003067
-945.3135209872338
-215.8400933734765
715.3284314442407
970.9444693656923
302.25437539207456
-650.2109137943712
-988.9845604815696
-386.78897049722633
579.1143019716775
998.7906423415799
467.9951032645782
-503.65900061181986
-1000.5814972889218
-545.4217777514001
424.0479270732185
994.5650687156333
618.666970484388
-341.1120109586035
-980.2491888564931
-686.5028443859493
255.28693099929825
957.9500859350768
748.8212029603905
-167.58569114987716
-928.0803001522909
-805.3309790940716
78.09984290539695
890.3912619289832
854.9684242017539
11.523331303560768
-846.0394068307677
-898.1481726168212
-101.42879968095382
794.5049491862126
933.6818030846163
190.23565232961585
-736.7492815791046
-961.9154242370886
-277.72900871166826
672.9771999966208
982.2404472452955
362.88492846203974
-603.5810554555476
-994.5071526301023
-445.18902601148403
529.599763260715
999.0120018186846
523.7869240586335
-451.3425692298932
-995.3006144297938
-598.2193853835065
369.3892539160766
983.6649445082512
668.0853351438255
-283.11513450355307
-964.7087758653441
-731.1166752125788
196.0620553246971
937.2420961237852
789.4596505966484
-107.13989557839312
-902.1251631597828
-841.254486072453
17.717876536824456
859.9331365524379
886.6235020204286
72.43559263473847
-810.3342488280191
-924.3583395884773
-161.65500109607217
754.3298293721105
954.7817776265714
249.60899579189663
-692.3198012754765
-977.5128417575189
-335.26913231471855
625.1752627537468
992.7829480497645
418.84824441117735
-551.2398269419245
-1000.4126636192584
-497.6487932230345
474.2312047673769
999.4652180081785
573.6524118385115
-393.20448258955673
-990.1711314011876
-644.8595112326844
308.99151248864746
972.7190549786933
710.718707572109
-222.30102153542975
-947.3957337437699
-770.7791293686582
134.03452744129183
914.9116320110692
824.9517014479342
-44.424298192788434
-874.7266405342755
-873.1806049970182
-44.3869403634041
826.4578182343023
913.4476712344242
134.0164927232663
-772.5066678898454
-946.3559769291159
-222.60238967915953
712.2471095517616
971.2406802152391
308.8565678759633
-646.4943430628956
-988.7264445010543
-393.19244053657826
575.3919964655335
998.3450239323528
474.38579456913266
-499.52235234960904
-999.617940602763
-551.4008227994698
419.995979273471
992.8775504606009
623.9408606212602
-336.6864328699644
-978.0234245545043
-691.7521273753122
250.6222306489935
955.1170858629672
753.5650042204537
-162.73509776828385
-924.7140517342011
-809.6396924216718
73.49666457356489
886.9464764869301
858.9695130470072