-0.20533348826927042
-1.279814699786236
-1.0123313021711227
0.09204329135949008
0.48800097536427817
-0.6296557291849576
-1.1068912574390017
-0.15802433534185323
0.22747021308856952
-0.5201806035232726
-0.9095169090729596
-0.8797503446003141
-0.1569316256583162
0.6345533334223564
0.638655556811522
0.42408326546039166
-0.45259188748308354
-1.2206265266573655
-0.6297021453602654
-0.1449851169942022
-0.503342068261472
-0.346690456263289
0.6316775629598184
0.9112692727494716
0.26890493156323086
0.06227729488294574
0.17450008633161498
0.15616732026949637
0.18479826764458576
0.4209790568152302
0.30019864419989045
-0.5591167822441676
-0.16826946711999985
0.41123374666677237
-0.4989673405664212
-0.4652434976050238
-0.36823531698847745
-0.7462364155999087
-0.1226169130844797
0.22490210795230012
-0.41183677924004725
-0.8014861930716066
0.02982983724099808
0.02235770305475615
-0.7386506194040836
-0.1563540125707813
0.1904794725865433
-0.012239489186850291
0.24543845435044342
0.35005022680599995
-0.07260313186321418
-1.0816179584635055
-1.2656426255472522
-0.4833312358151777
-0.31624686146889386
0.38499119909295376
1.6379528782208685
2.0755594311374557
1.292709663795513
0.10114415066418336
0.04034924387526073
0.1551283854137202
-0.20008094402953322
-0.08312092621259645
0.2833664201156896
0.3432015593021861
0.3378274872425245
0.5173140674137828
0.6695270280791933
0.7964133883920502
0.3886226395869844
-0.13225338727137642
0.01993541305733182
-0.1990259317404983
-0.5226617737304622
-0.543214893493772
-0.3197258995041077
-0.05584828095796701
-0.08805266484786928
0.12332427325515793
0.16754854942237668
0.17448774139149573
0.011400047339274924
-0.2307519168852138
0.27972001043224554
0.3615664418892811
-0.20551397941939062
0.0819011953837778
0.40967571018607063
-0.2563991394227517
-1.0660518170617104
-1.2690727653103362
-1.1063936608420417
-0.9736376368076145
-0.12824054210384517
0.7820241702569724
0.8925687644898322
0.46518897341754073
-0.15407774040401329
-0.329287976372578
-0.8869009351245755
1.0508322855272623
-0.34119065597428455
-1.6544857832531847
0.05175166880118187
-0.3763513257358022
1.3089188105781655
-0.684251971154805
0.3002084319455316
0.4259631301562121
-0.13766962433908325
1.2289037908362332
-0.676347346999563
1.32708062188666
-0.1305118437598124
-0.4724679951839842
-0.2472155477471889
-1.1207841677849233
1.001352236475853
-1.5306467516652265
-0.348814481174908
-1.2420306984610872
-2.0293037596034025
-0.31066648790139495
-1.5573629928802057
0.37536311574742487
-0.8902338414654722
0.43171563244345273
0.17510923765012618
-1.1247958457806928
1.1305313273738524
-0.736771905162636
0.381462219752112
-0.811404537678434
0.02965936801208016
1.476188281733671
-0.19709740523533903
1.2386299535982614
-0.8168279476643214
0.5677397610904606
0.520327171128751
0.26511283120193974
1.740711494523607
-0.3226981838426921
0.710238205352111
-1.1993199765354174
-0.0018808396728796084
0.5673150810448099
-0.9715763134399137
0.32334939684679087
-1.6558978690677435
0.7008726445210853
0.1303889238209678
-0.2347348578982974
0.23113654388018678
-2.1363280064197503
0.23200471898726327
-1.1757269978611755
-0.4065711772330409
-0.2300114540139653
-0.7970322564819898
0.513223720163333
-1.0043311300046172
1.4630054638316925
-0.027006739769108112
-0.01787102441985368
0.06523960492600697
0.22011425240448554
0.1087641446691407
-0.20078302936478176
-0.4020679052655868
-0.1855507097638442
0.25754210540517647
-0.0019229135341043285
-0.38775061863113247
0.05515290729059158
-0.1434934848049566
-0.4831815683390587
-0.4311177634230886
-0.6922049344332931
-0.3122443272787334
0.17974111629120051
0.16391735880545738
0.648368341768885
0.9540428723936192
0.13124935868594945
-0.6184781309146345
-0.27617739033728883
0.5778288410037276
0.9598326001431403
0.7992408973738682
0.2806535683182345
0.6377825784632399
1.624558724830131
1.16859438574151
0.49182419705298214
0.11189939533054231
-0.7955051661186019
-0.625744905230161
-0.06205391449028491
-0.6268387793916238
-1.356678074177668
-1.1735859308157168
-0.19157087370723236
0.3671079672942338
0.41212000150694833
0.24919925283007532
0.0548755995153194
0.12727999742134793
0.26510552114401564
0.5756812583990559
0.6453557954190257
0.05913878472216677
-0.2296762553380009
-0.13935079740256417
-0.4484173951764475
-0.6587927006345459
-0.39784702269300565
-0.09398112241546026
0.367884166093309
0.7111435647620774
0.41742603123117517
0.09023996525313285
0.2911821479278222
0.9697689089109078
1.2546974066214533
0.4256637875414679
-0.42169333761707933
-0.3609309853758622
-0.535511803688471
-0.7875348747761518
-0.29453571650273147
0.13103880015466665
0.453271618713013
0.407881343724647
0.25205370819646294
0.38719595900675813
0.2957553216934416
0.5432665240645201
0.6862356756541456
0.3035261199834438
0.23824014430382456
0.089821399339863
-0.5636872543850419
-0.7493192832889736
-0.4669552789772935
-0.30907369800174606
-0.06808869113733657
-0.18057666983231221
-0.5326375419457099
-0.5821194061980127
-0.00889208384256368
0.5069777316574118
0.25554402242019414
0.11129202228613683
0.04991626885300157
0.3206149577218512
0.8084497728332412
0.5709741824006149
0.5607669901531271
0.6254531142934184
-0.014096721131101941
0.2006434438714378
0.644309644172723
-0.26561137727677925
-0.9382503054926437
-0.3049698473245237
0.2327473228900761
0.3738807084328934
0.6094854442677182
0.30781632625648864
-0.199905445524291
-0.4082454478741849
0.026527451407400593
0.44335820894986766
0.05312992380906287
0.029244559447337393
0.6279063311777475
0.9793434373877465
0.42878734187666473
0.8667897553075915
-0.23544802667064912
2.221976444444984
0.3673165972028452
0.1469917518817489
0.2015888603272587
-1.6586125139058252
0.4686494013406707
-1.0643580482820982
0.18976539773781181
-0.21589536275668558
-0.40176705311680944
1.1091247655049568
-0.018597401138875203
1.478767679302008
-0.4085437911313441
1.140636047033568
1.2234865853926682
-1.1056642880418162
-0.4370136779825634
-0.2637693436669904
0.8833008553780579
0.6736698972222989
0.4674996159496339
0.28554380410205504
0.4065851211796663
0.5577034323476264
-0.10042229953911463
-0.40238777705842077
-0.27860903952162774
0.13467301900544607
0.12425947417278642
-0.08262570409478728
0.5631868857767702
0.45184029796905933
-0.8163181059837726
-1.6925551377360541
-1.4468839120367485
-0.4136203691075223
0.19897085822258187
-0.22024056213656554
-0.5923654910360314
-0.07820605290565108
0.5315082291326821
1.023876699434706
2.0446688541148275
-0.6231787943773397
0.20828417506398894
0.24418142624087952
-0.08835750385037655
1.842629826278703
-0.011479115797718764
1.1636796218184646
-0.429972297553332
0.11481271300969514
0.3020490299036886
-0.9960871511537437
0.4652899198533069
-1.3677900078504712
1.0624490180595034
0.5886615776123799
-0.061811082594278144
0.524911506240628
-0.9815974399287837
1.5441389127024943
0.6084234210678298
0.30983742160690325
0.13068928127041374
-0.002899811080350959
0.014750950126726666
0.4443774335116378
0.6290562713408904
0.1877185308670542
-0.25150878534884163
-0.6787987677697283
-1.1201894491124944
-1.190503277659906
-0.8555600028057063
-0.9245268414232033
-0.9731878861204963
-0.4555759226940572
-0.18835964887502177
-0.06047915953233329
0.37174510552440687
0.2890658117135057
-0.4416739149989446
-0.3769550869176017
0.5890088177116857
0.6330907930619982
-0.24329841682478523
-0.39681071428291964
0.2542372606299136
0.599343167232151
0.07927238402639414
-0.1504720053202631
0.3359861872397682
0.018305886262176274
-0.6862446002435244
-0.5007905043753115
-0.20464851545452234
0.05169665043722924
0.5580458009890548
0.6318655274573768
0.5092653298965844
0.5638961408184269
-0.2646600423150387
-0.879499465965915
0.039732834836553765
-0.10451373725657132
-0.9615323601371538
-0.6376223358688893
-0.31327996234426375
-0.322614872151166
-0.3247205911372506
-0.1263214032841255
-0.18625358280208043
-0.494710992729533
0.1328404752221874
0.9676632433870024
1.0887022866179752
0.5236783259719451
-0.1616431559742902
0.13208916140242688
0.917653773453109
1.057497959047038
0.09065708817000112
-0.9655712093494437
-0.8132681249363864
-0.4332140280614254
-0.4431170309310367
-0.31210243972885476
0.03910267728606085
0.5635586600015996
0.3646979134997541
-0.0550624353982469
0.18142995796567907
0.18054192587559112
-0.04793244581940545
-0.3058039398050955
-0.6740596918315441
-0.27427377546459003
0.33502478173303296
-0.043999165053674405
-0.5017153452331519
-0.21534852258023113
0.6169809654303622
1.0796270566175166
0.7520150622865017
0.3189494662492994
0.6349592655261405
1.2385638428683101
0.5488150833094396
-0.37182421120654174
-0.022610342529461064
0.7252937357263091
0.6822752240073111
0.09090288067526944
-0.056815735489624625
0.14208706092820736
0.4671064761111786
1.1455929774613895
1.4646706460263565
0.8474930131796052
0.20013198819059042
-0.27560808854951047
-0.7382372735938035
-0.9009312370023606
-0.8227080742875251
-0.31583995794850495
0.39631794281139676
0.8747561366626448
1.1093926245135228
1.206007441873821
0.5770185829159054
-0.4061433895793073
0.1624998891476056
0.44417816014473255
-0.7991773345698714
-0.7272709037556958
0.5028466527882842
0.7692042718627399
1.7894450330227853
0.3220311272313584
2.788798758853576
0.8897827595847813
0.7124489312980293
-0.08711140868055542
-0.44076635714014045
1.2516558426842965
-0.783194713967519
1.0341237330543258
-0.27288091720494134
0.21037317880381431
0.757424582926504
-0.7369301584063074
1.2376524156495392
-0.2182479545280025
1.5761130965689616
0.8411737111530424
0.12306927837945814
0.8150696312782508
-1.1011668142963427
0.8169675421935038
-0.519158482712154
0.6604643829301117
0.5002451259164437
-0.645072836306682
0.6278084933634007
-1.8277979284296109
0.10375364688207533
-0.53832017149484
-0.7394874211921473
-0.5625550118624071
-1.7208733491299684
0.8963426287320545
-0.5177953241849901
1.068287193755155
0.40676200157848436
-0.6235294812710261
0.6077088210089749
-1.2819921604015212
0.7580048365172953
-0.15240520552753156
0.751996543427456
0.39032262020529634
-0.8045966109172917
1.6516674552731965
-0.29386574614891514
0.9448807654697732
-0.369192001313501
-0.2879112376330835
1.223282534985685
-0.7120302567307945
0.6500749435758488
-1.258422991412965
0.1391124863624798
0.8236232114006236
0.5077613880133719
1.586178045621653
-0.6509707441647813
0.9945397194641691
-0.5163934109939203
0.07459210000023533
0.6809732588146231
-0.6555896677969212
0.22652213778842453
-0.17537982127153823
-0.4211216649853639
-0.5459001499070242
-0.607071685371577
0.19320588009194295
0.4976830252704507
0.031181071017337872
0.38421897428883867
1.1026276860110822
1.3468560290663003
1.2014642759403749
0.4861572434228093
0.3388576530589386
0.40560256660589544
-0.42565104520155417
-1.1139470834839122
-1.2659585111433662
-0.5585098137366533
0.4819079272407497
1.0522275587982879
1.5889024449778186
2.0894518683475596
1.5053550490044885
0.08459334198452162
-1.2473371856491382
0.6672314411290641
-1.273063611434027
-0.10457413661032089
0.8706113784389742
0.12274472998416086
1.5936792086057596
-0.7651955528804392
0.9254501456387615
-0.08115399457950434
0.011126525478820565
1.2860906427143914
-0.2805746224854824
0.9385295634037838
-0.7891074837042256
0.7993825693420338
-0.308593033400283
-1.3342543307911319
0.3929255844678482
-1.5514938312981594
0.6130586726651726
-0.03753948777920468
0.6388108703095172
0.6775600468319172
-0.8113202477438387
0.5779782046020672
-1.5443475446104862
0.563262724837098
0.3885145833981083
0.14559714591659723
0.6472566477984129
-0.9149435264474928
1.1982150625168573
-0.8382304488671811
0.219462278781784
0.1812668885785445
-0.8268380043249136
0.6501017408246479
-0.771574517846568
1.5003558295949104
0.05935549954827413
-0.2967407785915065
-0.2604916147348967
-1.318414708447285
0.5532636063346934
-2.216335740111009
-0.9058919882684915
-0.8445909960330106
-1.3024164137945176
-0.41798047025162
-2.3747862017191017
-0.48212298636625284
-1.4574778487769793
-0.08602964229120377
-0.16406632983382352
-1.5047086594286283
0.5456198854911025
-0.6482268292004847
1.4960355696741283
0.3931960993108739
0.02402164105584112
0.42516041753674666
-0.9157720621821306
0.8334224546473836
-1.0993866748384589
0.29222396928300426
-0.3382362798796238
-1.5190265165935717
-1.5928437013419443
-1.6189000654538193
-1.4311008920663044
-0.7146646519820314
-0.25296288356515095
-0.12396942772552821
-0.40663595417552884
-0.3587360182625315
-0.11067625519890723
-0.5970438995972385
-0.22656032998660686
0.7621067841548688
0.509000698127517
-0.10599338737779357
0.07386945406665334
0.530177197585163
0.3206979279567612
-0.13559105025242268
0.0959732933509448
0.3281922340568185
-0.025153677819998693
0.7297145048082021
2.0588545032266388
1.9189411780724832
0.697201901868076
-0.3026305333251308
-0.5235668312959739
-0.4132155343509627
0.507556437105146
0.7757980938769405
-0.10100081019105739
-0.0302093153138821
0.3610070428495843
0.372528646415985
0.14365805165245676
0.01384317421335203
0.45616200405970436
0.6865838523273153
0.3143938857516969
-0.32526711816048637
-0.6951603268123792
-0.1779400835556848
0.14404903079629516
-0.24030104626422136
-0.1103658800396902
0.10621089072588688
0.18105250278379742
0.47166565971685537
0.4058664246472492
0.2618667284930474
0.09824637747420838
0.2228098880493319
0.30084749331504507
-0.01690183307715687
0.22229548007357175
0.32501454847756983
0.15201182302652566
0.2664308905241721
0.2637301608718831
0.09814547060005256
-0.04416958707113116
0.16480451487023595
0.0875695744700376
-0.13663459991526497
0.45776945524214263
0.8623371017856833
0.5888433623266137
0.15996494753416368
-0.176999407718414
0.04177561862436281
0.29396696656196175
-0.17990583613967653
-0.39292833861084814
-0.17228295280036066
-0.042372549818950035
-0.1932210900703619
-0.3778059502996551
-0.2185689490126978
0.10438087794246162
0.8030064270548756
0.6579798196735944
-0.07876204539195711
0.10421898290628065
0.5888362690779274
0.5543311280942549
-0.07696683993014292
-0.29267500011703296
0.0786655522095655
0.44697430651339765
0.6321989552484104
0.7075205950035137
0.6955723163784202
-0.01315102988150757
-0.8436311981496164
-1.0274906009248117
-1.4514561942924873
-1.5452508344530727
-0.021104499674263644
1.1846098908338276
0.7661352995469726
0.3782554443693576
0.7327363098816991
0.7856013788150338
0.3341908508036435
-0.3171768996216996
-0.41370125237536093
0.3007629229829821
0.2037082870190506
-0.3159380523913871
-0.5380391351647718
-0.4487629975264449
0.3205642020515279
1.394222394328322
-0.13584813655272654
1.5707377290220266
-1.0482066518343038
-0.12222380258227039
0.02662610813062054
-0.21901816063184248
1.014815442196451
-0.9548649731449999
1.37238832735428
0.5038996796702147
1.2253237911048676
1.7239441711802699
0.6451753134366734
1.8083717414379703
-0.9734454766352312
0.4298648414937581
0.1346234616255041
0.3716693578018957
0.8148730703781307
-0.28421140654970717
-0.06647141760394001
-0.01952352554756373
-0.4119772962484425
-0.6582460282418016
-0.8191649453434696
-0.6905928150153411
0.5234391439513835
1.7352674049138046
1.6953657885228495
1.4446171254853593
0.8687920019546111
0.0023272826683740644
-0.1910800529756956
-0.4325864778099128
-0.14596730160462223
0.7889840955985411
0.4469050781283108
0.11249262495978259
0.44308448195572236
0.022946790650621607
-0.4741949829819293
-0.5432840910508079
-0.01541981106318846
0.9885558537064731
1.2016198087849403
0.12751712985599628
-0.6849148750944418
-0.7027040253786976
-0.4732574054112024
-0.1892711395370688
-0.27315922763005857
-0.11640204905646552
0.3935578717456069
0.7913840212021237
0.9020197502469643
0.8589188476329734
0.4205536178562378
-0.587048413628519
-0.7698147010091861
0.3131939940447253
0.6911389734100956
-0.371753760510776
-0.4229090114018176
0.24808893863835166
-0.03056877629966137
-0.4405415369733931
-0.612861719042343
-0.616707572115865
-0.4392546228589117