-6.296234466487075
2.4277973652773586
0.4368649348497485
0.26746462733611287
-0.5139019767559134
1.2031446679866469
0.8036349123014912
-1.2526313102652369
-1.430255266210155
2.899153192949076
-2.029835759217608
0.8105439496453288
-0.11622721592079699
-0.5616128609567747
-0.3173760305760068
1.8566770969150477
0.4163524237970113
-0.24278919766477092
-0.7169811632860061
1.1941558481120076
-1.8737552678179386
0.1920736998262799
-0.31715201470385607
0.39095340007950324
-0.009101025460403644
0.5196541279694551
-0.006564032707104928
0.24946006858851266
-0.03725460455728702
1.0359296776939089
-2.608241444519294
0.6691789963205108
1.2519357563317486
1.2265608096477738
-3.603474224693457
1.1680580855826483
-1.8075310185769093
3.2181217121344488
-2.569118369670561
1.3669728572680442
-1.4909161905936903
1.6894776791790154
1.1732144501143846
-1.1877207602394757
-0.12704108841317235
0.17935992118754124
-1.2868014839607949
0.9163976184145881
0.9052558899293579
-2.537222842578344
0.7006156625855948
-0.10787991121161644
0.9172052865984099
-0.35190257091218113
1.0236049226458448
-0.8898525896733275
0.6943523131066159
-0.6042166537155453
-0.6455829728692466
1.6098702241552978
-2.244123002146023
0.7101345190929613
1.0545048430650668
-1.4244994185059512
-0.3372969628685414
3.1804799084771354
-2.49633156546814
1.1334831004146197
-1.1616728826735812
0.04386615514658443
0.85594138566419
-1.8103151269046944
0.24542139088917447
1.9917754950160835
-2.0208816643788827
-0.26211255289960933
2.6597408944050214
-2.8335248960865984
0.6215089277883867
0.4155808897458474
0.8486834459962095
0.3423163319398361
-0.7065795483857706
-0.6648717964689919
2.210720402333167
-1.6252293070211672
-0.2817899603646481
1.3551344647593242
-1.813378806776716
-0.22290268851369455
2.186212248431333
-0.48658806989716813
0.9902179528845789
-1.2375057124608864
0.02255611803710761
-1.7218099962758733
2.373177117252528
0.45063667218572523
-2.2049391589726954
1.7908881716275444
1.9480536710035787
-2.821173557749274
2.9894303129113067
-0.2704828869406514
1.8758100494956094
1.1466404569383721
1.5364650673426399
0.16240669536554592
2.9118219171222037
-0.8502440568862761
0.4955204758875919
0.5246897817505509
1.3530562103485364
4.498311812373918
-1.2546838470403248
0.4662138154917518
1.6480565798646074
-0.7416578926006803
2.842397091076143
0.02965179012632707
0.5554604395514819
1.3567965125852801
-1.188563337092454
-1.8892269132112098
2.050067681533856
-1.415414792268471
0.6877294317016023
-0.2268690390972602
0.510351646987456
0.19903150163125777
0.25944945654301343
-2.382218898924389
3.1277810130938732
-1.8109681304751042
2.3542472060096564
-0.6104177736035998
-0.27413244037530327
-1.262133920273118
-0.2656748998485917
1.2195073195421802
0.04263620877637875
-0.2815908811236366
0.3710713911060503
-0.542366450569997
0.3771931073313783
0.6824883717854155
1.9345295042906192
-0.1896429293301094
1.3449177660305907
1.4765359620364524
0.10377934796319965
1.7349046908557881
-0.6547490945943564
2.303692679455639
-0.1817507779520988
2.9251538137387403
-0.21128013866459716
1.4151833559250355
0.5851649604160838
0.4664848036663422
2.7915194478353036
-0.36533690418551457
0.5623142289240863
-0.7708590683848205
4.023118775507383
0.9219124523624119
0.9674181682666361
1.5287624054635476
0.754969420525848
2.167542293029583
-2.503287922058303
1.6612949331223426
1.2008836313787143
2.8470256309167596
1.4882925242576799
-1.0991602525625335
0.9001044432618073
1.2291846500730477
2.1609334803348217
0.36101360872648436
0.7832758539873114
0.9682724225288417
1.2525190367568877
1.075131472374015
0.8201589082287994
1.2904057901084696
1.8397397797391162
0.4957549688008632
0.7637620564318743
0.5919942165192896
0.9927447335279451
-0.6003612319959393
-0.20636897768389528
4.524032712311028
0.3339907733484081
0.6167047273561397
0.612745387882418
0.4695092087895586
2.0194389941332247
0.4061943092978042
1.0815250039580309
1.8146020955438518
0.9121047134475793
0.8399861907196697
1.2523300680544283
1.4344197137868515
-0.6111866855489003
2.8976917451984217
1.060265083539032
0.3469570720974273
-0.25770467781872486
0.7000889308133031
-0.6012301473230556
0.8887574024520626
-2.9068343280350324
2.404366317378029
-0.4539514187895242
-0.8146521009398271
1.1432762035263038
0.670204974820475
-1.043292507586807
-1.1818118169892344
3.270399036394296
-1.7760463146817398
-0.23803954938038765
-0.2672591189352269
0.8781974288514951
2.283247290247787
-2.3685057823099602
-0.7090538538480139
0.8275542991315885
-1.6794230686437928
-0.09708833874555967
2.691607167011074
-3.1118738730361772
3.7886058604166624
-0.41140656136794074
-0.4678203050720688
0.24191912402646332
1.407548862231038
1.6131440959869372
3.193094427481833
-0.9895751473408588
2.1806095291699727
3.4097376518512976
-1.1504745533671425
0.5575590536163643
0.5231150400569256
3.1053780115185994
-0.17611222953135353
-0.4007853895572454
2.442135470663461
1.3580724486108025
-0.12471755073521107
1.277505263888826
1.9095834567213246
0.2860248133680563
2.3719959091877967
-0.6064415270102189
0.5225074326824983
1.692973877469861
1.0115824297500469
0.2946084109899013
0.09934429403331291
2.7066146260712167
2.0571058785466088
0.4716520223821077
1.4239866639462702
1.12483204526891
0.4445620224151714
0.3807641956300874
0.9060337365754378
-0.4256303832463404
3.853853469434963
0.23073638682998987
-1.0560521825418239
1.770316748881342
1.4212303149633962
0.825362464267206
0.603695134895207
0.5902008487472226
3.0293727815161606
0.1816251423839863
0.36354870949857276
1.7375298811639186
-0.54846582413225
1.1818174319628183
5.065724135215188
-0.8741176609113726
-0.0018425832353122784
0.6273274647402419
0.0750345794840217
2.9205684572489123
0.7381860820987582
-0.2204922586376552
2.1864682990737596
1.0305385834408356
0.9961171646664666
0.9717210696190342
1.4699169188114536
-1.5029661348053611
-0.30833020385735854
3.3430119259335136
-0.4412460709016195
-1.7235668649001545
0.438551613721056
0.15328396529503668
0.18361009936576927
0.8576542725528374
-0.8517261496972311
-0.20466766205404546
-1.144523535887326
0.4779217336770665
0.7385377573231378
-0.7202545002289681
0.4169884963188803
0.030730911606090233
-1.2489280611122222
1.26858003853226
-0.7155156654978576
1.3201029284327586
-2.4467020477305113
1.1824787973448674
0.8487210254718011
0.11778903861652729
-1.1774889332078047
0.3340406020184081
-0.6243971238734187
0.6753962683050182
1.0252690702514602
-1.9304251469118534
1.2192277820051685
-0.08256818893633242
-0.4617764474286708
1.6529107607911575
-1.5890219234102778
1.4943036921317998
-0.4380372120397872
-1.144186244904426
0.006829646964406466
0.20156953889651896
0.862050275062699
-1.181839933419516
-0.4592254880228779
3.1431482120764507
-1.0544536636052433
-0.6125179092937071
-1.3549458070787308
1.4564352168578552
-0.850465921997687
0.9457012360453032
-1.3504868727132575
1.9371878451498414
-0.7457809038715237
-0.09278575845801745
0.6026373161409678
-0.7185997533385364
0.12456624749194017
-2.0376583459689255
1.6064812154472996
-0.664975008239836
-0.1851773407405749
-0.9416254405497447
3.323424182925451
-3.5957649389016324
3.0790296050136936
-2.63134034287505
2.4613823900949146
-0.8463477878579244
-0.1978254226724013
1.3205406425706823
-0.7256421441945192
-0.9765014424457636
-0.9776800782872425
2.616961396160937
-1.9329988814810397
0.09132530018734297
0.18187931178805594
2.0423372046190824
-1.2265922847256339
-0.43959522983894395
1.5294507720491684
-1.1549298816732052
0.6966762905095113
-1.430632951735954
-0.5190585176406524
-0.6241618888797615
2.340836839001817
0.30553990891560645
-2.1657686449507167
2.3076835685070147
-1.0992111153413204
-1.0563134605523892
0.2502807222333072
0.056085450186854735
-0.2504215631247314
0.664045692895108
-0.05478620186610805
1.6144640882182677
-1.5455352059350307
0.7587541942290833
-1.35844500605063
0.25640109228536856
0.41559997168559765
0.43560833398121623
0.22563036356033467
-1.2471282470975202
1.882246183903022
-0.893113078069321
2.0859139689695154
-3.8775860753133227
0.9463827496388628
-0.3082995370904884
2.0083494208388024
0.37094487258708175
-1.178763484254717
1.3023949585561274
1.7527203285753887
1.1821105657012985
0.32924601557415495
2.072389505723466
0.5000024470556358
-0.3787905719482454
2.419136979814204
2.939703782413038
-1.7002916762868858
2.111505322949112
-0.5387746638126737
0.7731074094265888
3.089416694864836
0.06808753340745288
1.6975446765421893
-0.15433010622497378
0.8627965652743672
2.5053022169299837
0.8184841683828191
1.7255061480024536
0.3530034981484764
1.0812740059275
0.35437407784202457
-1.2430682747059647
2.7754871732005966
1.1216177982208582
2.050174841736704
0.31382170693513833
0.8561010941933758
1.7025063337611948
-0.9209028335473917
2.914550015275034
1.4771500012104222
-0.45740268168340514
0.9210499210739238
1.1985492862084848
-0.2214660120700954
0.15033379055636775
2.1853760658802477
0.31297621398457287
1.21984498241235
1.2482986273768135
3.267321130542178
-1.9389151887701064
4.725247958362583
0.3948908113815499
-0.3983752678521907
-0.3034929691590841
2.9360437003911644
2.153100580417829
-1.992797386865019
2.097322363641233
3.5168857999888057
-1.0647630278487357
1.1931431134521018
-0.6187530519081454
2.8663400986715395
0.4121857534971175
1.2013244814062272
0.7323916057298419
2.794949293560635
-0.39872276867294865
-0.2508876548826482
0.5342515512407913
-0.6503561122004979
1.433581533050853
-0.9011260418467488
-1.2435963081762336
1.4966618624343206
0.7838895543393307
-1.8115251961047596
-0.6993349568268692
0.3461831208677031
-0.2923855371277704
2.8185240996127288
-0.28691158481592294
-1.143403219956587
1.3083526765713036
0.17471915724471854
-2.3698808850385746
1.6802966043504723
-1.027434439101557
-0.6675307723406206
2.648958348022793
0.7488229290433381
-3.8208875762210446
2.854397211108918
-1.956867818492297
0.8258699326313197
1.690121196896743
0.92249607750621
1.5347748084195452
0.09545594407534416
2.4033687993561315
1.9143712707212237
0.9115392532520958
1.3741147525432782
-1.0765572279173554
2.119356442379904
-0.08115566957093445
0.9923890895717222
2.212005233403309
0.8298600817728081
0.30901038348275833
0.8018643352033981
3.0360083106845392
-0.6001044781859102
1.024822322847338
1.5155128970589316
-0.07531117779364171
1.5445887676824244
3.1780136206283043
-1.9094240743447197
2.5232909125159324
-1.206856887119822
1.9595430198996198
0.6356771475798929
1.0245221051338285
2.8540512480383025
-0.6624452218854706
2.237618885085173
-0.34264389602674117
2.2347360603532516
-0.2593027554407894
0.5579367246988913
0.7170833898162389
3.8044054347563483
-1.399095745594646
0.9897878505672907
2.3694719135058935
-0.9372012115056316
2.1186408932853373
0.667363300703394
3.741282179849662
-2.86084568939223
1.0849789540907442
3.284558818572574
0.3523855593954389
2.0549114105577764
-1.6930118938237049
2.443813033536277
-0.022617595355729617
2.06486455618081
0.8521022463660918
0.8883728508629647
0.7144278550663995
2.4516017126421734
-0.06503331151612635
2.073483318726188
-1.0761961638299802
3.710711152112534
1.1506935449418818
-0.4612045658621673
-0.9198015895126572
2.682779467832945
-0.6113574573831115
-1.4002184821886423
0.31292984295646176
0.7020069570759235
0.4753031619161199
-1.004087217123392
-1.2000455185455359
1.6120938057994612
-1.8902233010716865
2.164897129574971
-0.8891045102392396
1.7318175694530533
-1.2113410555202857
-1.787546107608902
1.0659766023780497
-0.6548064769281882
0.8281364390796079
-0.5787478316284715
-1.1241954073517189
0.04362144895301423
2.423038164148756
-2.507522908252035
2.1445783399754283
-0.07174075214706332
1.4490211006430338
1.5099778193157833
0.07484712566416318
1.2441872789655568
-1.0990424034802182
5.7488335146908485
-1.4436780754202128
0.1548481737191677
1.5675740814335273
2.325703187293759
0.2798714544226115
0.6345757019660684
1.7729855058003552
0.7716580813693884
-0.003493784202911576
0.6873633359693477
2.3949686358634104
-0.4972090261348482
2.1859963418779693
1.2860644931043015
-0.8639910131979242
3.520876799242582
-0.989991269169675
1.9519034377021036
0.5438503677355856
0.7117158810387758
1.5543909924080728
1.4701142036592036
0.033101717492284966
0.12541158872545638
3.0406646305886773
-0.4580866109895301
1.1945032269875333
1.364398915493549
2.1824806451722694
-1.2158261151895273
0.9921715688382791
2.1713402095655248
1.1277966574461762
-0.14507025693928943
4.927595757701828
-1.7785763510833457
1.2860879559109826
1.7744042684816625
1.0164934955915828
-0.5239211747588115
1.7053711836651384
1.1104242702660416
-0.6966178961809444
1.214588093886356
1.9000672530488367
1.4869525193627295
-0.23053804553819707
1.0764018776377022
0.807394468236494
1.6510173337668674
-0.17113832724192823
3.3049287294850362
-1.241229069836716
4.8383448369199815
-0.8381547829411575
-0.7888862127978142
1.8689902607181108
-0.16558582216795747
0.8888648454584772
1.8235207749866444
-1.135834384230014
-0.5521548851938862
-0.15285170770999368
0.2420847962004552
1.6467520617587397
-2.3373955432333817
2.0201036513628687
-0.35442786646088664
-0.8507680529069148
0.44028218395012964
1.3837680398477397
-0.5545874460823018
-0.20114048922461036
-1.0372724457533313
0.2127772980434694
-1.1951685641147778
1.3727907889356405
1.7102815946719152
-2.1344798949587336
0.9728492949893183
-1.2952744548189083
1.5520284365638446
-1.797732925885925
1.8844822402077313
-0.8374754733098825
0.5330616596593446
-1.972949397538354
0.8626748996879662
-0.40628501779205106
-0.5534855937186725
1.934025919072871
-1.4723473413059633
-0.3312559020871728
-1.1087073773108345
1.9325294402764048
0.22504255122462877
1.7756405316101906
-2.9898290586723313
1.0596090495133592
1.437070427589464
0.12507717413292974
-0.3956723700327467
0.04567128143488719
-1.3055152713383356
-0.9716537163567147
2.1364669510303806
-0.03811821236950186
-1.9135990741555715
2.9080156476302137
-0.044373909971167746
-2.6619556170204923
4.2372524534100275
-3.430866145739683
0.4972157946153264
-0.8825959486953725
1.1037720807134201
-0.407587714382342
1.849331727188987
-2.290940789591162
-0.5286303398706191
0.01571536341442248
0.10905609949982453
0.9886468430259909
-1.2663895997640524
2.258870360397367
-1.5673187623281926
-0.32511861955978016
-1.4157344846040407
1.7852281240027466
0.03843528880945596
2.2592004947252113
-0.5205860671306992
-2.19360414562932
0.3630701646640823
1.0534071551171142
-0.7261793653897516
-0.29604256532290424
1.2141551027658646
-0.9763847743293104
-1.0858819465067673
1.8166339635363895
0.4322743108356919
-0.25136247099497777
0.7205769529002231
-2.4236808681671604
0.7563605754932126
-0.9903521269448465
2.803167567146024
-2.0194847902546527
1.2253284892646228
-2.010215955271888
-0.7135050709538782
1.0960702889755534
-0.08918650722076138
-0.826839604292978
0.9910837607732302
-0.004609110480346734
0.15107071042981762
1.1074420711083233
-1.424966913288504
1.6436524042179244
-2.290816583670635
1.2361821177358234
0.20386854101388574
1.3203914788437392
-0.3597627507359106
-3.824012026850807
0.5828658117352847
2.3291897440792986
1.7390955434922246
-2.884773084756035
0.31539594520891834
0.789918791525362
0.8042176996510434
0.8355069706173458
0.3362740477027668
1.318549358150348
0.26409469130120444
3.1050043347025884
2.189419246271912
-1.0713011371796473
1.4775523370557768
0.3132868085748359
0.9799825360968226
2.2335426220677923
0.7207888098223584
-0.21556342692193253
0.1297230069002112
5.609313843618127
-0.2233997046040237
0.5438165424085026
-0.13335756096492046
-0.33482935936056113
1.1478691214931618
0.3923219857745194
0.48885976153103394
0.8915172064558672
-1.1498564016642994
-1.9163134151403138
0.20225191829921307
-0.26758081088142327
0.8756905574703877
-1.3937165626827883
2.627310092256484
-0.010089969294614476
0.4154148625892583
-0.6741106039021139
0.07621849572516803
0.14544977065333609
0.775508717637684
-2.4641881141650757
0.7837820517834444
0.3696740736549646
-1.4061315059740673
0.648389244196334
0.5398559722206893
-0.009323197802990192
-0.529528274108767
-0.05368597754679316
2.2312782912155824
0.147717303560578
2.4474505856119184
1.86179042432862
-0.5781037703002883
0.7538629208996837
2.781228384449417
0.9358300573774523
0.4732780517163002
-0.1748818524826713
1.3663480801765444
1.6021853178350034
1.8502668434842908
-0.11348879526822242
1.9377046865118803
-0.5271078017997545
0.8674798510667332
1.7989396681620535
-0.10916031944571716
1.9394512907046735
0.31719872054203996
0.9158839520409746
2.5335295623506466
-0.30289290956491666
2.5734729929875657
-0.05121981020819244
1.3557525979465752
2.77530394428455
-2.5445909651439917
3.4255224658551398
0.8536705413659403
-0.36169201602840173
0.844952223021781
2.9890775549125896
-1.1052355463744592
1.002360243743309
1.7952024483911364
1.2380124799486008
-0.5654517793978314
2.1164392734314816
1.8356937023602706
0.47983798810725886
1.744876769534692
0.9059341535605799
0.217067895944819
1.9619172582800661
-0.14078154658599207
0.6991283447087699
2.1724794881641114
1.10662805204696
0.13907742869837525
1.3268065787908063
1.8430262919799274
-1.2523799894939192
2.3040059885553186
0.6345014950918714
4.0273898851380165
-1.1945313469598924
-0.20542023788379182
-0.228866477459732
2.287009123601759
0.8469223444114669
2.9736143481366586
-0.7504924080773254
1.359876739773387
0.5429870270928758
-1.4583005270925107
-0.7899225268199442
0.7163797713515577
-0.2542337847187611
0.21090851731237067
0.9913598391961759
0.5722820077796061
-2.068477566576159
1.1507644840185909
0.745957324986352
-0.2999009381152078
1.4679485923969
-3.410649098466189
0.2546823907316248
1.6697512034496924
0.05519713012388161
-1.412440180137588
0.9384730506344761
-1.4504660244114083
0.7382580792677577
-0.4205157253560923
0.941468253312411
-0.5216592608880507
1.7272233552877003
1.9094976631450071
-1.0144617929014172
2.1304564744491667
-1.7357177027415143
0.23100470492442948
2.1687825668723013
3.7721300315076407
0.2130056001764059
0.5942309208963644
3.430224342044649
-1.2107189312451334
1.2629247390945124
0.7131597044769393
1.648870134115401
0.1753622965322963
0.14120501646306005
2.496977373095505
0.8807570277827993
1.6440090113842303
0.8934000345360982
1.522947722407242
0.535224641241091
1.9360072985968289
0.21728451622106837
-1.3493785837900507
3.1713322606063885
0.7157850811426117
1.0086232885715274
0.33513038122967254
2.3645006296377473
-2.1732380290312876
3.100192338914523
0.70804504254592
0.33516722884436173
1.2959604597313277
1.3499946186668597
1.7185680114818345
-0.8197277200769003
1.2659721419802075
2.099257737561317
0.4817835228035742
1.872663426153878
1.2457441889556458
0.8094449468663925
0.24136491468326238
0.25767119568829777
2.2248908526427824
0.43101212136364714
0.33116491516344254
3.13242668433656
-0.15888965942350852
-0.18031139403531787
1.2225376043420688
0.8555631075627762
1.2543079510825565
0.9579022007542434
1.8566975886114494
2.696195037357409
-1.562078685917582
1.04386446736055
3.266668061641776
-0.5148840956463558
-0.7933766456698159
4.951776625699258
-1.1333887907373228
-1.641852588423594
-1.0804343093460331
2.2266145787147513
0.38089795487496075
-0.49086667000423984
-0.7072426674065835
-1.1909920463294486
1.6932730816499235
0.13159102418056068
0.5681428293864772
-0.8128334039100488
0.4076501095850389
0.7339271784253402
-1.3048321843097825
1.3456541942600158
-2.485025197083808
1.4911700934313115
0.662482226504647
-0.568932462547656
1.3454538093523494
-2.1171902191562575
1.6975637390811569
-1.640838928196162
1.2526000660640553
-2.064587235854019
1.482370472473341
-0.5879569828821001
-0.41590457252172797
0.6503960207075521
0.09671369058617411
-1.174236784631629
0.7129402174013587
0.8678738373900683
-1.665669679901022
0.932895025598055
0.025279927811078018
1.521705401929683
-1.6898247587894117
-0.564189284679786
1.875591981447966
-0.6497649582553328
0.70200290951653
-0.8345069969363111
-0.841150107513404
2.369837254117972
-0.23789483043045623
-2.797462689375578
1.4404680711968154
-0.5223724202679588
0.6743599930395002
1.445868825140447
-0.3259959630613385
-1.0166040856308427
-0.0018092374043697235
0.3690148736941079
-1.0388514733757659
1.2922846858583048
-1.235661501963588
-0.8364652033980531
3.013795053098038
-0.6220981260591587
-1.7530640910741715
2.5171694541471195
-2.188021297369921
0.366550066952671
-2.0058411645108127
2.292987396685722
-0.48259569124857243
0.54035121312364
1.4101809899856697
-2.8428236812875483
2.6170221405619074
-3.1724536343044747
0.7651321996507506
-0.870003999955619
2.0940380155711855
0.13949358794108468
-1.3599090741949103
2.2038956190805483
-1.4754065438056265
0.6335122039537993
-0.9665452049441379
0.07547149207548126
-0.6922569402793719
1.8692885874651013
-0.38861351862579746
-1.4357825440237293
1.2197184855500731
-0.7764359016169833
0.8874596170314324
-1.4025486257138615
1.9463537383303362
-1.5084216574443534
-1.4495210938636998
1.1066036571446465
1.5581269464698306
-1.323989694921216
0.6742473431224725
1.477433541716429
-2.637994342077314
-0.24674508048085464
1.035729173307258
1.119458182014676
-1.3494120495040876
0.7256361359338585
-0.4111873579530494
1.5669093698676921
-4.003160650065045
1.6185712497043596
0.88483442051123
-1.3399433529886335
1.6781790572039388
0.20974310434386279
-0.8311307763991691
1.6108627635298238
-0.48032070564125506
0.20385709201312152
-1.1361357588070735
1.5538848649673636
-0.850126378728687
-2.3899950104916163
1.3151289765287595
1.3514619929532834
0.05965321337300045