0.119381234
0.071436589
0.499351622
0.095432104
0.388498379
0.546527656
-0.76250669
-0.279466271
-0.832745206
0.505959604
-0.541925865
-0.407102119
0.717877663
-0.83700668
0.4129431
0.805253805
-0.423528556
1.84827309
0.839324116
0.447803489
0.486298885
-0.839614042
0.291549798
0.931825666
0.732549049
0.240039847
0.046990324
-0.357542525
0.467156792
-2.006007699
-0.049073238
-0.533712088
-1.150874313
0.080501837
-1.003545277
-0.032340583
-1.013910957
-0.154375942
-0.714090791
-0.018621587
-0.611987951
-0.535719739
-0.584504966
-0.543677785
1.11645313
0.030881398
0.427215672
0.7331928
-1.418049433
1.05062063
0.297209875
0.587753696
0.759036205
0.590624884
-0.109154327
0.842884739
0.040705786
-0.35799621
-0.079253015
-0.587223712
1.549228452
-0.323399105
0.669091404
-0.468673495
-0.200761524
0.816997305
0.213206771
0.289672268
-0.09726395
0.139932474
0.094228159
0.137340539
0.727095825
-0.925167865
-0.625705357
-0.169706368
-0.224087143
0.125418243
0.484011907
-0.303501169
-0.310513726
1.112640643
-0.289496308
-0.555247886
-0.098648728
-0.517175999
-0.103067769
0.230161531
0.12901305
-0.146629446
-0.138930689
-0.103827895
-0.219407766
-0.281478535
-0.254203879
-0.544898151
-0.342254106
0.614064895
-0.298314384
-0.077078342
-0.035971565
-0.196522907
0.251650319
-0.054201407
0.437390117
-0.656074969
-0.060164711
0.645831293
-0.861036664
0.430184769
-0.354987901
-0.781909853
-0.98924078
-0.608695867
-1.477480947
0.316346297
-0.339215141
-0.05001429
1.172551623
0.616921498
0.893612316
0.991588846
0.592136516
0.634075276
1.045780958
0.132965378
0.542635504
0.125482731
0.505830319
0.626295235
0.812573506
-0.163104059
0.283289058
-1.600843707
-0.100896355
-0.356253259
0.26707181
0.138730668
-0.287352705
-0.638180366
-0.367845713
-0.337867201
-1.218783111
-0.136866719
-0.922285078
-0.036044248
-0.159497837
0.358610621
-0.248115553
0.159174217
1.010995447
0.174244796
-0.397465554
-0.098349252
-0.530317276
0.601762165
-0.674273972
-0.119783375
0.486804464
-0.951188292
0.15660266
-0.60472111
0.972162748
0.366779784
-0.028981781
0.883447919
0.597205465
0.209848825
0.922545739
-0.703550281
-0.114936335
0.432208482
-1.16877045
0.05626714
-1.537269588
-0.687776896
0.782211162
-0.227378624
0.366267421
0.223806821
0.324458645
1.971302684
-0.032332121
1.168215247
1.503063487
-0.430062648
-0.092312589
-0.473982401
-0.879592965
-0.773307223
-1.479598712
-1.539430988
-0.323758732
-1.21400318
-0.612956097
-1.167155334
-0.593077994
1.14067829
0.731729213
0.633156981
0.475241766
0.771403035
1.417584785
0.574105877
0.97842189
1.637567114
0.103796149
0.284471711
0.16988916
-0.229506222
0.324733477
-0.371086105
-0.533040013
-0.838789915
-1.318356275
-0.353724809
-1.058519686
-0.293243439
0.303044663
-0.101565718
0.566393779
-0.524083397
0.400478269
1.009798312
0.686522797
-0.027253943
0.30974711
0.569898906
0.456278584
0.617659199
-0.012209387
0.805374701
-1.004484112
-0.096658628
-0.749841338
0.003994824
-0.088283947
-0.171288869
0.083683222
-1.079576844
-0.308579189
-0.952443308
-0.566567913
0.204663474
-0.16090336
-0.168864287
-0.152415995
-0.992894233
0.565571536
0.668559354
0.019574557
0.275811696
0.093848012
-0.876631039
0.193940769
0.32532582
-0.241964082
0.580437607
0.117462058
-0.303373576
1.342689103
0.07419165
-0.202925318
0.919446044
-1.034092041
0.67217806
0.406018474
-1.191892251
0.365637308
-0.744105603
-0.180288985
0.943329533
-0.020725438
0.796167325
0.586021533
-0.222439633
1.204819224
0.579067455
0.976615929
0.181139369
-0.691214624
0.056319408
0.034041543
-0.390763229
-1.05458246
-0.024606285
-0.95090029
-0.554644774
-0.405698461
-0.772653672
-0.759680958
-0.387781505
0.405394186
0.287438704
-0.221307567
0.045351859
-0.684263798
-1.089348863
0.285353322
0.607424173
0.893258409
0.169689824
-0.197442718
0.207141846
0.414246758
0.04497064
0.502899577
-0.242988318
0.112897971
-0.881969157
0.771909044
-0.449032966
0.367383032
0.633687759
-0.909742558
1.108337808
-0.626336834
0.158062683
0.859583412
0.189251753
0.103029001
1.31134447
-0.649074079
0.207993445
-1.556556417
-0.462663197
0.422137837
-0.489338345
0.562449515
0.5163762
-1.205387618
0.197531845
0.313680728
-0.074340756
0.671406018
-0.308060307
-0.356584232
-0.051099144
0.235953291
-1.298588732
0.370376951
-1.161225241
-0.598058443
0.043548766
-0.317480386
1.108006856
0.894064428
-0.259137045
1.306812279
0.263718413
0.417660249
0.032172353
-0.685766811
0.586949767
0.874479134
0.922229118
-0.262447853
-0.184914828
-0.390631116
-0.170249765
0.238203763
-0.084168453
-0.020842487
0.30568032
-1.582002864
-0.074175851
-0.495417026
-1.04460013
-0.065076523
-1.43726718
-0.553067533
0.094773132
0.264536829
0.435900468
0.545487081
0.801043047
1.509056949
0.062112377
-0.781969009
-0.030407758
-0.254735231
0.337396562
-0.127913875
-0.558545428
-0.906978115
-0.971188851
-1.180532408
-0.25410151
-0.165966203
0.001261712
0.844091754
-0.178787511
0.911897764
0.193296916
0.176601853
1.789576554
0.046398973
0.20604039
1.029908101
0.291652839
1.129170346
0.283008006
0.898606322
0.811699894
-0.452588018
-0.414176851
0.129684747
-1.748180796
-0.02837383
-0.117695136
-0.288007872
1.006007786
-0.040922447
-0.201377054
0.108999848
-1.368168987
0.301756511
0.374973383
-1.267883151
0.710172057
-1.424620694
-0.049776392
-0.272667474
-1.300641081
-0.022656635
-0.546867122
-0.320634215
0.486901072
-0.115883001
0.35941808
0.081442116
1.521475794
1.14907644
0.629478247
-0.039690447
-0.635958211
-1.314031154
0.918740629
-0.882809328
0.738673774
0.108007459
-1.426446364
0.83239488
-0.992312082
-0.282254938
0.098046089
0.074535759
0.447788859
0.313358413
0.99724418
0.681863224
0.327153711
0.570302273
0.04754674
0.881798462
-0.34309305
-0.388684653
0.061128279
-0.522171399
-0.05486868
0.89957006
-1.384523019
0.400926237
-0.125798281
-0.654685621
0.679090899
-0.572588098
0.301972849
0.755028681
-0.297704244
0.258333897
-0.085212101
-0.348619003
0.012512852
-1.873282945
-0.537438831
-0.535044009
-0.72942873
0.429294245
0.03095695
-0.072233993
0.329521544
0.43659171
0.379113002
0.590893487
-0.194095672
0.578412246
0.381527844
0.320031
0.3863732
0.312754688
-0.391408023
-0.094993203
-0.422480797
-0.344753358
0.363721837
-1.109332578
-0.800140653
0.192438901
-0.992989955
-1.396737062
-0.52827073
-1.282859847
1.694121792
1.204474607
-1.585591362
-1.052878041
-1.391668566
1.404544986
2.750748958
-0.430878337
-0.466629029
-1.086967034
-0.513980688
1.79956798
1.103719537
2.01698711
1.529910293
-2.371307071
0.046095967
1.250065206
1.058176543
2.550502924
-0.792559317
-1.034432355
0.004078541
0.686886234
1.389043781
0.223801964
-1.586783642
-1.000262139
-0.834012178
-0.438340687
1.285143266
0.477790645
-0.555562161
-1.915492716
-0.423194952
0.32733592
1.001780359
-0.202841642
-1.59123438
-0.876309509
-0.005782525
0.350334064
1.705506464
0.39739529
-1.738797963
-0.947399957
-1.742107238
0.018582972
1.905169282
-0.555353755
1.021527664
-1.138927222
-1.112322467
1.984322423
0.878188555
1.614939512
0.66080146
-1.320344204
-1.289007349
0.137619125
0.343499255
1.135689283
-2.596844445
-2.307827171
-2.380091206
-0.429249126
1.475415548
0.013865378
-0.669782924
-0.861781216
0.105923166
2.09702825
2.334587168
0.641306692
0.830567684
-0.087119531
-0.502097213
1.779757043
1.98486768
0.257141196
-0.087760593
-1.963536766
0.212005235
1.246981476
1.064450579
0.992117293
-1.184574256
-1.151461058
0.75647913
0.116518635
1.672485149
0.739429869
-0.519994713
-1.23350259
-1.522747749
0.141883136
1.70802856
0.48934619
-2.270719258
-2.229550763
-2.152987567
-0.015177055
-0.060836192
0.282910016
-1.161730627
-1.926769048
-0.845443863
1.163603345
1.250635468
1.321929088
2.028999211
-0.674777886
0.176993886
1.729076978
1.794930125
0.677010111
-0.672796638
-1.619790328
-0.504626574
-0.38571419
0.008505102
0.769041812
-1.749041362
-1.27336877
0.312671647
0.542217538
2.315314588
0.533346245
-0.097451683
-0.128887463
-0.727174843
1.234349868
2.918540649
0.435341566
-1.626196136
-2.333581973
-1.941094274
0.058123477
0.09096218
0.83499684
-0.855349781
-1.363810568
-0.566252998
0.447809996
2.078505487
0.621612913
-1.062157365
0.556322729
-0.122286967
-0.804638348
0.904139914
-0.03918509
0.570073263
0.720568801
-0.354720584
0.297218142
-0.719351354
0.504913684
0.549798999
0.484965921
-0.04949061
0.113403572
-1.536231522
0.137647897
-1.284418125
-0.894605443
0.150480798
-0.80346936
0.058796893
-0.315688267
0.699279119
-0.063687332
-0.357055184
1.425613094
0.844865895
0.766905886
0.15958353
-0.170438732
0.381986752
0.210594874
-0.698681599
-1.376554865
-0.975616086
-0.970413524
0.308414853
-0.486022322
1.081936266
-0.22989741
0.774915147
0.097998305
0.131066551
1.669952014
0.540693021
0.621864522
0.921585102
0.532975783
1.624183437
0.154624804
-0.47506601
-0.549918558
-0.319428433
-0.837774823
-0.364812423
-0.67829314
0.494462972
0.476630237
-0.140536231
0.012364979
-1.2886013
0.226857364
-0.611926365
-0.797846756
-0.754778324
0.192966028
-0.265052902
0.068271375
-0.108395119
0.720484061
0.348681296
-0.207319198
-0.408954016
-0.408231591
-0.79668814
0.843510529
-0.201789232
0.558184729
0.987504964
0.574339811
1.490546828
0.537187114
-0.140029511
-1.342029243
-0.473880459
0.703361283
1.62952671
1.164367333
0.12734652
-1.4872904
-0.10356832
0.44277117
0.653306919
0.567367632
-2.062587284
-1.9567334
-0.797122438
-0.323035457
2.334148148
-0.583733483
-0.22200398
-1.342345596
-3.508697567
1.546365302
3.181722018
0.655657434
-1.787540443
-1.169559256
0.395149378
2.298074919
-0.817669075
0.623235665
0.772484926
-3.150181988
-1.943079121
-0.815293648
2.169305894
0.605527315
-2.753731064
0.1513689
1.788480454
1.148783153
1.076549417
1.481985885
1.786990839
0.442464251
-1.110869275
0.32745981
3.184039195
0.265938747
-1.522154846
-0.989889981
0.900751007
-0.12774475
-0.56435777
0.191681222
-0.397408681
-2.2338058
-2.16770873
0.488784733
1.983262004
0.775585697
-1.927809638
-2.015775815
-0.496099411
1.012432783
0.292031102
0.326989834
0.506121273
-0.802768472
-1.687536446
0.578098057
0.889381734
0.289828658
0.465194965
-0.694563401
-0.912332674
0.706541706
2.449966932
1.779705558
0.844828733
-0.78267435
-1.759461413
1.659960612
2.481389058
1.636495859
-1.358417186
-2.25109546
0.394609433
0.965560719
0.858902849
0.011850802
-2.368156536
-0.60911664
0.634902168
0.003879943
1.122453001
-0.729808926
0.436055464
-1.126898809
-2.787205687
-0.97702369
0.930373508
1.494570093
0.174720368
-2.92556205
-1.289706838
1.999515905
1.360976519
1.472541985
-1.11028202
-2.243729825
1.05889981
1.013919216
2.132002903
0.855472638
-1.80114994
-0.036171238
0.504892687
-0.06886004
0.42887137
0.019173218
-0.301516811
-0.274006344
-1.168324859
1.236730095
1.452387617
1.182311435
0.071769805
-1.488598583
-0.047524873
0.402298052
1.787373245
0.781858395
-0.841057228
-1.77028064
-0.954722862
0.535550126
0.278435794
0.052248368
-1.16806231
-1.744620236
-1.298007622
0.461064553
0.383372504
0.651627598
-0.508369484
-1.123214212
0.17102181
0.342939376
0.712806865
0.656923698
1.066867362
1.158081437
-0.966942123
0.772250831
2.370532046
0.480542741
-0.715718252
0.123159063
1.389366827
-0.075842087
-1.232392671
-0.145647589
1.418051832
-0.983814651
-2.557531762
-0.426202999
1.291266258
-0.918626926
-1.948697817
-0.120156344
0.272016867
-0.47414347
-2.61102334
-0.697268323
-0.303141627
-0.716977128
-0.882120832
-0.418500301
1.382409285
0.85568495
-2.047603779
1.871556994
2.199373993
0.942249545
0.400913066
-0.822819432
1.801904921
1.395415837
-1.702317925
0.089912988
0.605629546
-1.561548822
-0.004843603
-2.272734945
1.708164516
-0.555378446
-1.567612983
0.993658375
1.661256405
-0.119695881
-0.321841065
-0.24087099
3.035594329
1.353070588
-1.864617419
-0.658833314
1.556665603
0.756713128
0.071149774
-1.391981999
-0.720382433
0.432090983
0.106615855
0.061504204
-1.219798911
-0.07966821
1.122832557
2.091143753
-0.672037963
-0.179316818
-0.774275365
1.35862499
0.78278503
-1.483720453
-1.419877864
0.632676262
-0.270941435
-0.847692054
-2.86485986
-3.077753441
-1.100982855
1.165423359
0.725080627
-0.606848182
-0.393453242
-0.044968136
1.258458045
2.10991542
1.717757748
2.130783332
1.396868133
0.015822853
-0.748239804
0.037132913
1.399307101
1.240329143
-0.775083705
-2.729771075
-1.979198199
-1.109544397
2.157133738
0.660367774
-2.662138954
-2.477372815
0.046987711
0.92736857
1.633647949
1.069804946
-1.407828228
-0.406657026
-0.123465381
1.029622217
2.471286272
1.810675348
-0.043442026
-1.136789596
-0.337781329
0.748994687
1.815974364
-0.457131742
-0.042768883
-3.75512519
0.622195078
-2.208822499
2.921460117
-2.400238555
1.291722673
-2.816809735
0.40918794
1.420304878
2.462723987
1.192463601
2.427466813
-0.586914757
2.775258668
-2.106333799
2.375705112
-3.134777777
0.554858782
-2.425849257
2.26212389
-1.499833352
-2.176859757
-0.88270147
1.092723037
-2.699210895
1.242349614
-3.276471865
3.783659314
-2.354721132
1.281828355
-0.648775559
3.472607764
0.004999434
0.032161158
0.27009078
2.40595661
-0.776937281
1.429210772
-1.865122843
3.516820994
-2.563529122
-0.526983234
-2.324627207
-0.316032087
-1.857311082
-1.586693676
-1.466396401
1.627942522
-1.676112317
-0.358977788
-1.959370402
4.18710471
-1.929031924
1.899206906
-0.549712735
2.070365608
0.618869656
-0.090411297
0.487637572
3.154840995
-2.058284427
1.812002909
-2.641882095
4.344755031
-3.008037694
1.202023554
-1.492245374
2.185165271
-1.442332594
-1.065737933
-0.770544559
0.13570456
-1.114717742
1.654292503
-3.080497824
2.508082884
-2.711260042
1.769233173
-1.193792688
1.501176821
-0.582263325
1.09226656
-0.763932177
0.050208744
-0.473840764
1.334217705
-2.723083147
2.749886248
-1.911749971
2.263183335
-0.513799167
1.174376895
0.171715301
0.081799149
-0.956504711
1.749201783
-1.903589574
3.02370742
-2.805317519
3.237413638
-3.14570888
2.419096369
-2.603361708
-0.261155484
-1.247697167
-0.467406376
-0.88243758
2.252772704
-1.993912586
2.941943288
-1.454085082
2.392031708
-2.140552925
2.095325717
-1.685119153
0.728709516
-0.620173213
-0.427863186
0.702866242
-0.789324155
-1.905323016
0.232642502
-2.843584288
1.223009932
-3.312851703
0.581099632
-2.018757686
2.170385108
0.407954408
1.061440274
1.278392176
1.87408743
-0.737944253
3.373676727
-2.363452298
4.006813751
-1.740803181
2.746278452
-1.186612596
2.018627488
-0.718555691
1.123628373
-2.179491839
1.290359205
-1.724761116
1.340631372
-0.733858248
-0.172436831
-0.68371976
0.414616134
-0.499919361
0.22720477
-0.188037191
-1.684866395
0.342937898
0.931244752
0.228987099
-1.966075211
0.888619132
0.97236724
-0.337540561
-1.579070927
0.092137253
0.503140925
0.261195768
-1.722652296
0.184344689
1.322140896
-0.455649996
-1.083546319
-0.198849757
0.895634298
1.686538812
-0.948781054
0.793060422
1.735963705
0.484486304
-0.016348506
0.103429734
1.920926237
0.358574392
-0.918458677
-0.784027783
1.728541703
-0.527780875
-0.894933488
-1.270780506
0.624298723
-1.092099494
-2.211090946
-1.364091261
-0.117426798
-0.487596417
-1.656001541
-0.252957921
0.7512831
1.685981447
0.195550157
2.010744533
3.257745504
2.676809528
1.148355357
1.4924948
3.530086788
2.580937326
1.234573498
2.746103272
1.094087316
2.630534366
1.408793577
1.257748926
1.872512259
0.990225635
1.249905476
1.845283919
0.636257863
0.937128077
1.039412507
0.903434888
2.418970804
1.091825711
2.201804785
1.964752166
1.823917826
1.910836231
1.361852087
1.54379729
4.087530937
0.210556714
3.814307471
0.080560344
4.440538226
-0.431901704
3.364906819
-0.087230091
3.182936177
0.405690853
1.327381437
0.478435317
1.376232878
-0.170400266
3.329159166
-2.451772393
4.061259509
-2.83256604
2.350124016
0.180867515
0.885104546
1.550720786
2.871684096
0.963683305
1.64072053
-0.840907583
3.36980389
-0.435336322
3.839535844
-0.819172578
3.588290049
-0.875014928
0.975586831
-0.777987305
-0.185726367
-0.203451021
-0.524380711
-1.86300146
1.134670505
-2.654113526
1.86995631
-3.018438131
2.562006831
-1.159996132
1.382282897
-0.401475425
0.415805276
0.025574064
1.327898805
-1.925408488
2.350089361
-4.374796129
2.501726114
-3.036713936
-1.11071491
0.316786737
-0.094071518
-0.172486669
0.371459839
-1.029845186
1.096447616
0.556245128
0.14485505
0.618395421
0.337887702
1.14385826
-0.006997719
0.343066434
0.685756876
0.623596614
-0.958976727
-0.806265251
0.144580164
-1.074617392
-0.861308761
1.022202714
-2.171681676
0.889688355
-0.204201295
-1.585221793
1.392807226
-1.349163631
1.021539799
1.350262909
-1.300231587
1.900963686
-0.053935765
0.060450098
2.805329283
-0.496437909
1.065963158
1.39981288
-1.558567994
1.332577022
-0.613589167
-2.675528305
1.784424457
-2.799286231
-0.80592735
-0.461416039
-3.024431592
-0.430360076
-1.164920129
-2.324157966
3.24170777
0.533999077
1.869887485
4.081423295
0.585748724
3.885583923
3.237936882
1.273965054
4.693786383
1.252381684
1.792564539
2.314085924
0.560155481
3.26808602
1.777708141
0.576649129
2.170456795
0.790492343
0.561387851
2.433646597
-0.677174348
2.535746575
1.772750802
0.634338921
3.536013602
0.760621272
1.641839839
3.120227555
1.005010179
3.118173676
3.139699396
-0.766140634
4.545185159
-2.109292543
3.793181061
1.496749467
0.541947007
1.254888015
2.940917485
-0.152035885
5.02683924
-1.480776111
3.413036664
2.261565898
1.177018
1.440492477
2.280662468
-1.397830995
4.327663815
-2.095900424
2.875299187
0.475934625
0.6957875
1.297707025
2.938063835
-0.832688168
5.014933948
-0.751306219
3.675094894
1.307113116
0.963888302
2.283230333
3.926479133
-0.696917174
4.160005772
-2.679372946
2.127389239
0.740362915
2.497699462
2.569961578
2.21057482
-2.807490042
4.825043987
-0.820259308
4.775135202
1.861418353
1.19051126
0.132804486
2.687341576
0.027355291
6.391599469
0.260662074
2.742801607
0.663769038
1.443661759
1.666477725
4.189044583
-0.199005919
3.355942834
-3.531223877
2.48485194
0.673032505
2.415008933
0.667016123
1.205414585
-2.277101964
2.669527689
0.084867542
5.175505664
2.155303126
2.27081127
0.893610072
2.871219965
1.744553357
6.920112299
0.311160369
3.197229116
-0.304217545
1.017641456
2.128749865
3.899455749
-0.959768025
2.541124087
-3.772679147
2.485474837
-0.454840262
4.261643512
1.010700403
2.63364793
-0.069048369
3.209276076
1.601831327
5.544037128
1.513758148
2.385667697
0.002986133
3.153729834
0.131737594
4.441350648
0.479671412
2.450016131
-1.063535469
1.830766473
1.09353231
4.229018012
0.182450657
3.199427569
-1.152030422
1.883534999
0.824608441
3.809215895
-0.102944478
1.679799721
-2.883886903
2.113772246
-0.50898067
3.762230828
0.287860418
2.270108812
-1.716584852
0.975810541
-0.060305348
3.109480881
-0.184569153
0.822725968
-2.702829019
0.570962305
-1.579178961
1.766863254
-0.570632518
-0.263898742
-3.166377067
0.328899712
-1.43532118
3.021771321
-0.352767322
1.238056488
-2.678443399
0.58815946
0.685531053
3.789760818
0.584319683
1.458917412
-1.675500527
1.401959133
-0.625117966
3.72813445
-0.147569673
1.892250999
-3.349557947
-0.838434506
0.332957516
1.334800174
-0.673846979
-0.855623024
-2.431136288
-1.076182841
0.878490255
0.88821777
1.44056971
-0.775970084
-0.681167025
-0.316739647
0.686653137
1.638223675
1.402513935
-1.883161552
-0.175166257
-1.06375317
0.75397258
1.872485854
-0.674362923
-1.730583271
-1.219175881
-1.665747109
1.124966047
1.430917394
-0.452134336
-0.120579171
-2.411286365
-0.355663117
-0.090423154
-0.691601366
-0.564035734
-0.082773174
-0.633423678
1.112778159
0.200296539
0.991117635
0.720160853
-0.28089453
1.608917929
1.261899579
-1.070847381
1.903781069
-0.62115934
0.264086365
0.965043792
-1.470906651
0.366320684
-0.114271077
-0.102215285
0.58199276
0.844307915
-0.600570185
0.74274532
-1.935888901
0.248003782
-0.092737889
-0.817708332
1.770327906
-0.720312161
-0.362762703
2.59275384
-1.185378758
0.981125473
0.177462234
-1.459155942
0.455968547
-2.208348394
-0.673152201
0.043210429
-1.800559187
0.263128858
-0.492112357
-2.464886877
2.622306183
-2.716865956
-1.06692369
1.794472753
1.529251285
-0.091266913
1.3704098
-1.759907062
4.973267963
-1.686699862
0.108372754
-0.949963271
2.625804399
-0.958364092
-0.230019773
-2.65504337
4.780258704
-0.639046952
0.419670579
0.085782607
1.45071048
-0.260112613
-0.035083926
-2.542321394
3.322239262
-2.781940533
-0.125150028
-0.287952124
1.631984241
0.605804536
0.217311626
-2.508371432
3.985741011
-2.667868655
0.92536577
0.247758743
-0.152635032
-2.407467782
0.032384022
-2.116162538
5.421557808
-3.500276913
-0.830985633
-1.310002421
0.2760923
0.575672326
1.873605206
-1.593098687
3.841565225
-2.806869145
-0.784492515
-0.345965723
2.09244932
-0.331137905
-0.286510739
-3.700171078
3.75091466
-2.323645484
2.416684734
1.154834319
1.120745585
-1.125721732
-0.267929687
-1.98137061
5.712510001
-1.680109045
-0.145107914
-2.275920382
0.781000853
-0.164055041
1.038052661
-2.247029075
4.024023298
-5.031005502
0.414495701
-0.628135518
4.211137026
0.117311354
0.070821464
-3.743835354
3.642431074
-0.39874466
0.236963892
1.400203117
-1.233935769
-2.744350005
-0.619328537
-3.310531346
6.383790218
-2.364717907
-0.591786499
-3.46317667
0.867104737
-0.60115059
0.523296811
-0.063643235
1.964298208
-1.714963378
0.448598231
-0.677834215
5.323761761
-2.370687689
0.795234883
-2.122233384
1.121234292
0.557378379
1.793035897
-0.238422189
2.923688994
-2.645455504
0.234620736
-1.011664451
3.900539032
-2.353569192
-0.33512567
-4.775823482
0.929918867
-0.636255111
-0.188356826
0.041964377
0.307075626
-2.610227984
1.536714565
-1.82282302
6.746481467
-0.399735348
-0.309985186
-1.644486312
1.766379795
0.003789241
2.038508889
-1.346146591
2.000298657
-2.679240084
-1.457426422
-0.726412265
3.556695143
-1.576100112
-0.518528342
-2.404274454
1.290939343
-0.161658339
0.774102575
-0.222268535
2.677012966
-4.594612101
0.152342059
-1.898150249
3.869640143
0.521479932
1.697053974
-2.114911756
1.844653365
-1.648740753
3.053002818
1.331611946
-1.168248086
-0.800994717
-1.523097115
1.469672721
3.095154524
1.24158173
1.04550934
-1.568596303
-1.8412353
-0.427401122
-1.632366069
-1.235029031
-1.068321074
-2.785267068
-0.306556198
3.313836674
0.626779694
2.928531444
-0.61858285
-2.196340759
1.493520174
-1.832468818
-0.154857312
1.116148912
-3.074422697
0.828078357
1.585865509
0.115234362
2.864706973
-1.144311288
-0.732456702
-0.024297816
-3.186284012
-0.14386467
-0.408707454
-1.714172599
0.794625068
-0.624581522
0.895947209
2.801355716
0.477416469
2.210693099
1.528201013
-0.588604541
0.023401427
-1.270912031
-1.622922784
-0.718489389
-1.643791249
1.700812144
-0.611718902
0.560092957
2.661112826
0.717236006
0.439604293
1.102527362
-0.947833276
-1.112968587
-2.06555154
-3.650690887
-0.527728955
-2.471893034
0.16105466
1.195877955
0.164185319
1.936765413
0.277883837
-1.596859907
0.904768623
-1.627022901
0.713639768
0.512202236
-1.314695563
0.68956586
-0.934046309
1.888761416
5.49858943
0.336404689
-0.395749543
0.624601747
-1.375474274
1.242969622
-3.480592725
-2.293494389
2.161820161
0.032479971
0.622102121
2.321803837
-1.756639614
1.85440414
-0.271423
-0.613243107
2.184442999
-3.982758764
-3.307000343
1.830811317
-0.516822703
0.483217985
-0.394375817
0.193617072
5.897793742
0.212953634
-1.818759524
-0.523681064
-0.953398691
0.610182208
-2.111764178
-4.792747334
0.669533413
-2.338028505
-0.603947176
2.337460149
0.687943389
2.651498967
-0.565918999
-1.530120664
1.432441479
-2.182368811
1.043819209
3.1036353
1.036784124
0.51371951
-1.388450138
2.409556496
8.202473211
2.370718528
-1.309009081
0.676321189
-0.49868652
2.169660686
-0.846861514
0.570609548
1.788751076
-1.059817912
0.139630444
3.61308278
4.947139653
5.565318132
2.049745404
0.403960821
3.23227261
1.733502809
1.229946341
3.668371027
0.885088103
1.382600052
0.046100708
2.1604396
6.126990302
2.840063439
-0.318498256
-0.052427577
0.259873118
1.74100412
1.373222063
-0.133244718
3.624118355
-0.33003605
-0.665692525
4.094957526
3.96745292
3.540776362
-0.112285311
0.65175383
3.308840183
2.2457911
1.89684927
1.942638717
1.902553636
0.559294223
0.086811151
1.770966139
4.141600046
-0.65196925
-3.118296799
-1.09786192
-0.934080755
1.160157025
-0.417382079
1.704065287
1.249527557
-1.787498531
-0.921180841
0.356846772
2.594426838
1.337603652
-2.093702061
-0.562545065
0.701814196
0.225976927
0.773589565
0.144125998
1.034219991
-2.619231382
-2.603876081
0.995022124
1.86331124
1.388258745
-0.876565135
-2.012807885
1.726982683
0.477587074
0.705334965
0.280382373
-0.051832887
-0.584061899
-2.524205761
1.68282752
1.564267782
-0.264994239
-0.537900737
-0.828950687
-0.113246228
-0.396826082
-0.795944274
1.784793395
0.662390356
-1.011480873
-2.800998288
1.263012883
4.154510065
1.084726472
-3.030062295
-2.067953014
-0.429832942
1.747309479
1.127578511
-0.536979017
-1.406103009
-1.499250037
0.245731549
-0.95575466
-0.292190683
0.804867918
-0.149621121
-1.225108206
-3.245312276
-1.990516547
-0.477224699
0.894146016
-1.559288559
-1.36177634
-1.517646526
1.544974493
4.438309368
1.528591671
0.509818796
-1.132498819
-1.114110997
1.851848101
0.922438363
-1.006213123
-0.543213096
1.889840984
3.101551913
2.623571749
0.988839916
2.583266662
3.214481294
2.83810298
2.996079018
0.036249005
0.507411386
1.156171613
0.296084176
-0.441233844
2.025824547
4.63850244
6.213078445
4.029148604
1.537119892
0.932093028
1.035807635
0.956109011
-0.40244479
-0.407154156
1.218486442
3.223993996
2.586677248
1.118773638
0.700421254
0.376552468
2.810498638
1.665310839
1.091919417
0.063166693
-0.84994044
0.235393889
-0.31448534
0.284780459
0.428929966
3.06157819
3.609203854
3.109985248
-0.328297875
0.268797412
0.117164545
1.742790929
3.196953313
1.941107189
3.407778307
3.831411551
2.851505274
1.337531867
-0.442279327
1.013717195
2.492034107
3.784697739
4.197489074
1.925014486
0.208035364
1.952280768
2.480426707
-1.540643464
0.086253931
0.903055359
5.925425017
3.16186077
-0.76135368
-0.21364064
1.991168005
2.364442805
0.700293963
1.47783428
4.982895247
2.57327978
-0.049326682
0.888119691
-0.687869151
-0.06332109
0.087259888
3.059921928
4.52052977
1.416222244
0.768419857
2.388608031
1.615214901
0.739843086
0.459128594
3.990338032
5.086292598
2.817040324
-0.798169793
-1.008093647
1.902125267
-0.551869627
0.054817676
0.344965891
1.711392371
3.796903115
1.088272764
-0.140674117
1.228777333
-0.678140521
3.865182151
4.850975488
3.143747155
3.335788293
-0.075231102
2.077779556
1.53050065
0.019613738
0.060290438
0.701129218
4.965642202
1.958464435
-0.068894469
1.14980087
0.013302763
1.727020519
-1.625674133
3.224669234
4.35027038
3.153113589
0.542527474
-0.212529619
2.173512806
-0.409974026
2.076633398
0.341083626
5.919228907
2.07806364
0.190897378
0.990094572
1.968825292
-0.219692569
4.335499328
0.430365397
8.077695055
0.136493764
2.506059416
-0.632785242
2.183073777
0.731815
0.540839937
1.935696903
4.820872385
-0.489878465
2.564788021
-2.597624088
3.518683085
-2.055996989
1.527234304
-1.616039026
2.02197197
-0.119189117
-0.835330712
-0.559899507
2.978736506
-1.202688331
-0.400786868
-1.217706776
3.309111157
-1.759013219
0.404179403
-1.855033907
2.726225589
-2.760246905
0.719024198
-2.391269729
1.456127822
-0.105387916
0.227664154
-0.371886999
3.843563993
-1.386462027
2.592064361
-1.162440997
2.4125146
-0.17949732
0.335947456
-2.295055383
3.581887427
-2.920357867
0.12964854
-2.565973919
1.733386095
-1.44533617
-0.01283204
-1.644957081
2.606542866
-1.648043723
0.021598838
-0.56364252
3.018409968
-1.326893087
0.604188139
-2.408954689
3.345094735
-1.048676148
-0.618996201
-1.116192317
1.618188023
-2.308308497
1.089764401
-2.806164364
1.119930168
-1.423978813
0.636310837
-0.253211975
0.510402623
-2.059404811
1.607949233
-1.669655902
3.09061568
-0.734057139
1.82790215
0.35328642
2.410917651
-0.330613022
1.899501378
-0.174375451
2.110185224
-2.026814725
2.157414922
-2.028027545
2.212778661
-1.490568448
0.644642789
-0.577549426
0.946063976
-2.17807759
1.896437322
-0.195242723
4.217013231
1.110960701
2.049978135
-0.751359798
0.20822111
0.51825575
3.093218276
1.180925352
3.942413043
1.06036279
3.210315594
-1.464427969
2.035303252
-1.742788974
3.456885636
0.253299012
4.84297004
0.701289164
2.463679229
-0.36500628
0.177189451
-1.044660557
2.484481324
-1.767416441
6.176820549
0.097198051
4.50112039
0.168317884
1.825556699
0.855722197
2.698773402
2.612221881
4.967984406
1.960583844
5.045874089
-1.805771406
3.748748717
-0.835520117
3.878305783
1.628672289
2.513587713
2.127213267
1.073993852
-1.227031477
-1.053514869
-0.797132709
1.921569138
2.198876822
2.659699017
2.076965166
0.920201733
0.086625857
-0.823621983
1.785343189
-1.773755003
1.256881909
-0.413479133
0.433784525
0.634963495
1.686142614
-0.809009046
0.708318488
-0.818030751
-0.49957525
1.738624756
-0.468585068
-0.164518911
0.873667761
-0.918681779
1.160220911
0.283423939
-1.217743544
1.825740949
-1.387021466
0.427624797
1.449319235
-1.554846259
0.498989604
1.233974844
-1.243020126
2.125319247
-1.263091671
-0.578604836
0.991785681
-2.768533503
-0.315156226
0.454416566
-2.601314663
1.273646451
-1.757811607
0.219259482
1.582400203
-1.701060663
1.517984708
0.387226732
-0.288730407
2.32021244
-0.712777463
-0.018364372
1.889442568
-1.139026821
0.417536962
-0.482414698
-0.908412533
2.329450446
-1.153308001
-0.405359793
2.220578414
-0.313494805
2.123720669
0.353701652
-1.095112155
1.258680407
-0.388398424
-1.781744738
0.688310244
-0.998900078
-0.803038715
-0.587727713
-2.625032355
0.09773409
-0.446653043
-1.158835686
0.192038187
3.038007673
-2.094286876
2.889852175
-0.153429998
0.398949466
-0.737404002
3.283856004
-1.710250329
0.673820674
-1.379718884
5.122450869
0.344738034
3.45646547
2.135077462
2.784507068
-1.572179498
2.146417041
-0.74213379
3.465903109
0.924871372
6.898611505
0.145159178
1.693618324
0.779407456
1.040088431
-1.538074508
1.469051782
3.631433448
2.70208469
-0.071406206
3.775045837
-1.129718479
1.940991603
-2.012218416
4.794945623
0.716160962
2.531325461
3.641864249
2.485672118
-1.661554205
2.177345733
-0.330438531
2.404138685
-0.422841609
6.942527188
0.562158801
2.918346055
-0.980731471
3.053750469
-0.917402161
3.518826973
2.941682776
2.763603801
0.771697448
4.662456502
-2.184269886
2.081653718
-2.42301841
4.075326389
-0.407515753
2.182120198
1.474598363
-0.579564669
-2.771406841
0.881812982
-1.945529778
2.523636843
0.684091839
6.599501443
0.210824862
1.440758591
-0.556454851
-1.425252251
-4.029335791
-0.304846905
-1.399254021
3.021631192
-2.77526285
2.60224192
-0.897493882
-2.467145202
-0.460942365
3.131034506
-2.878227067
2.276488992
-1.308703144
0.105519713
-3.502820729
-0.13973882
0.367695694
1.314384372
-0.573484601
7.505573458
-0.279984085
2.003562876
0.832951245
0.025828999
-3.394673784
0.321928856
-0.763629263
2.478261028
-1.474109276
3.618361249
-0.626109003
-0.728302814
-1.526690745
1.151873593
-2.77306073
1.924675477
-1.711254581
0.458197128
-4.043245671
-1.781106553
-0.864561047
1.023518357
-0.908297728
6.835915096
-0.122997446
2.020076919
-1.912758545
-1.186627182
-4.172168798
-0.835472737
-1.716242351
3.500381205
-2.770832399
3.07426123
-0.820194797
-0.469606255
0.501723286
4.709275753
0.34180001
2.863510007
-0.652132671
1.090418918
-3.442824447
1.048533701
-1.24166543
0.422808104
1.514729909
6.230770859
-0.761323158
1.466049473
-1.82057538
0.223310463
-1.21842372
1.976377115
-3.465008299
0.593106943
0.055760321
0.644877487
-3.105825765
-0.359334772
-2.529799908
0.595973468
2.774966468
-1.244455982
-1.167593193
-0.914811224
-0.72688453
-1.29308175
0.422413144
-0.469631036
0.708920329
5.563468323
0.648452236
-1.396937924
0.074369588
-1.886396384
-0.922521209
-2.661033029
-2.195658592
-2.237471515
1.529373979
2.205955993
-1.363895691
3.001031825
-1.039352958
1.71534037
1.919267638
-2.049070013
-1.212293234
-1.112257574
1.248538461
-0.200858994
0.551987888
0.689248412
0.526934426
4.947086786
0.463217629
-0.028064516
0.051026456
-0.670611425
-0.348976459
-2.606886498
-1.945164419
-3.69450396
0.767990739
1.033739674
-1.67426864
1.843037642
-0.878711458
1.967992592
2.935912605
-2.025450907
-2.499030777
-0.056085524
2.103562623
-0.264036268
2.702434797
-0.600837377
-1.576898791
4.121533287
-1.321440734
-1.733099282
0.756122147
-2.921221659
1.774933038
-0.880515725
-2.301150832
-1.939652978
1.359148794
0.277321912
-0.965553504
0.17883999
-0.03002032
1.571236086
0.445236711
1.223554915
0.925050434
0.911398156
0.996907452
1.461807576
0.248821018
-1.406495671
-4.106495393
9.102006373
-5.360886972
-1.627013627
-0.230766142
-0.139380621
-2.064726175
-0.299895414
-2.087138452
3.627937744
-1.980074409
1.571052452
-3.14615969
-1.242590837
-3.227611005
1.985793989
-0.770320272
4.094898576
-0.591805148
0.420955417
-0.852694313
-0.642419733
0.718889062
-0.834047367
-3.046486926
8.379889931
-2.592156949
-1.501487295
-1.571911602
0.724908277
-2.846794574
-0.78446598
0.079082697
1.55850634
0.894845361
3.295952509
-2.155627348
2.510042529
-2.925658945
2.415855004
1.896326515
1.635158489
-0.437088339
1.156635269
-1.954358701
0.156597838
-1.529672869
0.64274032
-2.220619018
5.510768141
-2.175852887
0.653439063
-2.000237448
-1.742246546
-1.270990103
0.116416553
-1.148516729
0.823669302
0.625476163
1.889095447
-4.653531039
2.50157931
-2.792781288
2.788761375
-0.446754016
2.788299508
-0.396812443
0.615355311
-4.091334428
-0.32985848
-2.558875212
1.848463171
1.505732869
3.379272448
0.128207845
2.670944003
-3.595597801
-0.759385047
-4.602507564
-1.331896714
-1.601128293
1.597413694
-0.437378151
2.611957113
-0.361398428
2.991737706
-0.852304801
2.615118939
0.488630403
2.447263364
-1.689703195
0.249688004
-2.863480645
0.066676076
-2.45831081
2.10816066
0.565011784
3.038578333
0.587528915
2.433652282
-2.62099352
0.473009317
-3.942399973
0.624827207
-2.01006483
2.619925853
-2.563819533
2.082625295
-1.521352796
-0.905308502
-0.972793616
1.738282179
-1.657713106
2.879363636
-1.936148715
0.656492704
-2.960631679
-1.312250704
-0.396620737
2.836888268
0.472618513
6.70226538
0.721373817
1.624329987
-1.87481747
0.172377562
-2.789112963
-1.347701492
-2.989423836
4.045941121
-2.150219389
2.607403875
-0.019199978
-0.917453716
0.386945674
3.223120601
-0.891174024
3.879342987
-3.241546656
-0.707726605
-3.185426864
-0.417230019
-0.689561679
-1.888230889
-1.230300577
8.813724837
-0.95498548
-2.813735304
0.943266538
-3.031389325
-1.098725699
-3.001720622
-0.670742981
1.266490752
1.339192267
1.363932466
1.06261729
-0.1269709
2.322499926
1.491934626
1.624064066
0.097696646
-0.921943181
-0.196794292
-1.741700366
1.469899493
1.259287222
-4.128675658
0.756211047
5.182921112
0.527250311
-2.765903721
0.607865145
1.742768665
-1.907883857
-0.883614176
-1.94735669
-0.564670981
-0.181555595
0.993497958
-0.421322129
1.756599519
0.046832571
-2.480100384
1.532534125
-0.989240855
-3.51837474
-1.245838609
-0.768776928
0.666247195
1.70268916
-1.405008838
0.880605894
5.855818143
0.862394455
-1.515204009
1.105568356
1.109838558
0.087313133
-0.937516266
-2.424893174
-0.477405682
2.276668795
-1.179148127
0.174794005
0.749620378
-1.540873034
-1.04933313
0.699551262
-0.992145047
-0.965636471
-0.622642972
2.365205162
2.585591661
1.761203977
-0.14335694
2.526931637
5.831706231
3.338820116
0.33166989
1.974676867
3.676821172
2.4425134
1.54834466
0.804794916
2.136632378
3.659658458
1.50737439
1.188081236
2.376766752
0.525566804
0.792080235
2.476760295
1.136033753
-1.45062076
0.729764946
0.285975658
1.821894594
0.404526804
-2.332818736
0.597667948
3.699999469
1.323647727
-1.361061936
2.682443965
3.056273406
4.258867508
4.714884616
1.58631878
2.076962345
3.02133556
0.369133851
1.86871251
4.895589599
1.527658535
0.627646136
2.044965018
1.437424558
1.69894252
3.149705502
0.977491098
2.328504201
0.676906773
-3.534820037
1.346156465
6.667410207
-1.105744171
-4.204670895
0.355263839
1.119691415
0.661824076
1.079747039
0.185564412
-1.113970131
-0.12280094
-0.430164476
0.829052358
0.021477408
-0.294708602
-1.231380036
-2.084851188
-2.621070174
0.507768085
1.233185531
0.120515205
-1.109531823
0.599396502
-0.98075593
1.017609485
4.746949168
2.82837063
-1.014181665
0.68002883
0.170521897
-2.166006334
0.293677767
1.12506272
-1.316315466
-2.28826608
1.009816066
0.339473034
0.42076544
0.955289059
1.26348039
-1.554351551
-1.512250366
-0.344724751
-1.198131634
-2.154918413
-0.348056924
1.171133941
0.3223181
1.71016222
3.474595306
0.998988818
0.083876584
0.463690753
-1.593375157
-1.593254054
-1.86659705
-2.829561342
-0.925134585
-0.108232005
0.988945211
2.899492021
1.717604624
1.504271241
1.183646878
-0.134583256
0.111734719
-0.70776592
-1.865158778
-1.668762375
-1.618925234
-0.561196986
-0.646447487
-0.559046084
-0.47486082
0.829481116
0.842014304
-1.57758288
0.342886832
-1.23476018
0.16396066
1.199242297
1.531096883
2.976981461
3.117610987
2.578647209
3.501673679
3.124508419
2.535610611
3.259147324
-0.338619516
-0.186045503
-1.713080374
-1.126299204
3.087696426
0.859062935
1.152642015
3.174368873
3.564632412
3.032598388
1.180973968
1.83437658
2.46545204
1.527518225
-0.864078155
0.067008192
2.262300277
2.4757972
0.085162371
2.210556755
4.699595554
2.315136302
0.396776892
1.622902385
2.169541801
-0.361420733
-0.012510122
2.023208977
-0.231911298
1.22265137
0.467593856
1.315734812
6.764553677
2.235064719
-0.012474304
2.39686968
0.77195081
0.582031156
1.61428919
0.263074188
1.707702199
2.277721066
-0.156004869
3.214017899
6.880358862
3.15839963
0.089601709
1.231248913
0.624807282
1.373269738
1.422721136
-0.247336522
0.338494954
0.193856152
-0.970000109
3.406047758
6.749855672
4.351881512
-0.620210732
1.578001505
1.426969873
0.791040148
2.75444815
0.817618984
0.877249258
1.289664184
-0.973758336
3.129589894
6.755592672
1.399353294
1.070342549
0.951649191
1.159979217
1.972174273
-1.496829318
0.569678473
3.001296112
-1.351060298
0.351777871
3.166487387
5.265917369
4.582403138
-1.165279875
0.549419181
2.850643396
1.493079368
2.973779389
2.723444179
2.369820192
2.468853394
-0.60921459
2.513462543
5.660752871
0.215862509
-0.354234698
-0.404997744
0.732892936
2.74292788
0.368532569
3.483094534
0.853350137
0.574351843
1.600911414
1.023015279
5.249422942
0.202159977
0.729457817
-0.234122789
1.928562429
2.782999684
-0.622765254
3.457794206
1.047848895
-0.874281286
0.69007134
0.527384387
5.212811244
2.354813446
-0.077814206
-0.064571062
2.103241636
3.719965198
1.139073543
3.55905671
1.944020108
1.028492735
0.030088386
2.082477648
5.236016984
2.016444148
-0.426500074
0.242007399
1.22166205
3.073245842
0.710575564
3.905086355
1.582630168
0.153150925
0.570454608
1.627237813
4.844254747
1.301617187
-0.786968426
-1.076602497
0.143302799
1.122336993
-0.298150669
0.743502836
1.10603637
-0.815284761
-1.626486792
1.119036097
1.118154567
0.131335624
-1.027106864
-2.371502385
-1.651948093
0.406470634
-0.246889787
-0.268778155
-1.641138568
-1.081479871
-1.412272521
0.761318127
3.231484478
0.683818368
-0.43698917
-0.363606416
-0.199982564
2.180945733
1.790050447
0.818087345
0.623492271
-3.893392348
0.155171133
-2.679082285
2.720413575
-3.025174991
0.722767206
-1.401621993
0.979661928
-1.428950523
2.206448765
-0.255766167
4.584597806
-1.124724859
2.753488488
-0.894253623
-0.217541604
-1.28069977
2.826806227
-0.126826836
3.668943196
-0.685817727
1.027605819
-2.536340388
-1.083350933
-2.403584283
0.285170005
-0.932647694
2.937833379
-0.982674268
1.576293472
-2.048237479
0.264109224
-1.941374917
2.297205588
-1.259087674
2.605769001
-0.387312416
0.341966265
-2.516856002
-0.822665419
-3.132249361
0.653203493
-1.460278013
2.152930002
-0.882980988
0.794746292
-1.951681914
1.292177811
-1.870943714
3.973685967
2.095934911
5.573114586
1.663305226
3.149471109
0.878549116
1.597627563
1.122552873
1.14752945
2.445674831
2.491047895
2.036397489
1.908305411
-0.865606859
1.330015947
1.110691318
1.033698529
1.843781649
1.052874777
0.976921324
2.625258362
1.781270167
1.079307671
1.699810786
1.560289652
2.064116066
1.204974061
1.747421993
2.119203152
1.781810314
1.564355672
1.304232792
2.076562855
3.28135299
1.40365236
2.68098941
0.534348795
2.640640759
0.221923446
1.724762811
-0.111134379
1.635986865
-0.038341312
1.451392694
0.238185377
0.644242843
2.628216925
0.312334537
2.678915201
0.553541791
2.347331151
2.429601558
3.333775493
1.209660521
2.299229636
-0.474962151
0.726071793
-0.021680533
-0.24272309
1.500639291
-0.592436745
1.408716055
-2.143209941
2.021343552
-1.006423374
0.587185047
0.691684553
0.118454982
0.615323517
-0.813372453
-0.142428258
-0.337916736
1.208099011
-0.72855606
1.333587935
-1.424258525
1.049915068
-1.284470095
0.24127133
-0.084788593
-1.017201304
0.923048632
-0.053443674
0.675273613
-0.292893348
-1.421719702
1.636304204
-1.172641669
1.392460827
-0.897875211
0.53976555
-1.637028086
0.55428564
-2.296504108
1.08553369
-2.842982695
-0.696897727
-2.20109675
0.418153452
-2.180084361
0.743952212
-1.527042597
2.268136186
-0.088412952
2.503973511
-0.222850354
3.355807775
-1.21724224
2.114476055
0.096638625
1.918268366
-0.471962229
1.744198583
-0.726082477
2.595828743
-2.157975972
1.466556767
-1.292848532
-0.041486572
-2.524366042
0.449229974
-3.474328931
2.898129666
-3.385748322
1.117070962
-0.42215735
1.391213694
-2.502918666
1.69070688
-0.497167224
0.453130623
-1.735000253
2.64042684
-0.919496603
-0.488668608
0.306369682
3.567422391
-0.911385005
1.950289704
1.215395283
1.172832223
-0.381116034
3.757136362
3.860621134
0.592914834
2.91655445
3.017687325
2.308153179
0.923144389
2.280122848
2.436464429
-0.185093476
1.106723559
2.556597836
0.786864035
0.592028628
2.73079346
1.488349153
0.807265032
2.14819225
1.875580151
-0.169897554
0.696978729
2.708285775
1.836056294
1.944551201
1.051166653
3.089955261
1.463445072
0.924236974
4.386388648
0.365628133
1.228117221
2.031862302
3.019304565
1.003114838
1.904556251
-0.097484401
1.06759454
1.20020689
0.19445569
1.260942052
-0.302568082
1.461437634
1.442055699
2.894382116
1.878637652
2.63542088
2.393089375
1.37486134
1.816106228
-0.218518458
1.420474059
-0.017664831
0.624615353
-0.001588492
-0.153791997
0.189324722
-0.934842888
0.065361854
-0.973568115
-0.192045491
-1.48995407
0.066593242
-2.551206425
1.275701163
-1.239390226
0.621522973
-0.206005625
-0.356447876
-0.932002259
0.040931341
0.112979928
0.747088897
1.106372051
-1.327883868
1.887591546
-0.454655015
1.938726179
-0.474534799
2.585617651
-2.003398317
3.070711638
-2.328052048
2.047030474
-1.430280419
0.905042306
-0.217981632
0.226398072
-0.154237624
1.737263324
-1.861712678
-0.175979122
0.860437296
0.429395803
-1.229211977
2.652270916
-2.358634302
1.444107902
-0.974700928
3.512657464
-2.292043509
5.897126787
-1.180725737
2.300869022
-0.476989548
0.62764706
-4.05871689
1.512165816
-3.575357819
-1.683943638
0.657792452
-0.347984661
-1.223628225
1.850854443
-0.7530368
2.397486122
-1.03330107
-0.519320806
-1.003668624
0.472764562
-3.490546208
2.449001646
0.328263983
2.006667688
-1.524225869
6.447155357
-1.801447067
1.777069843
-0.317688161
1.675712106
-5.376517265
0.942296828
-2.479623528
-1.090164987
-1.69174853
1.056733002
-0.135071289
1.422253018
1.140922242
1.40924837
-0.168253556
-0.032145866
-1.105781968
1.706335746
-3.822655863
1.247797785
0.068637424
1.426812466
-2.459810416
5.286603954
-2.222580375
1.061027265
-1.104498562
0.798071055
-3.979711077
1.146902517
-1.528963789
-0.110503631
-1.18953935
2.36710553
0.465862575
0.812133346
0.341570369
1.146367815
-0.941615863
-1.298198702
-1.02155089
0.813485744
-4.29171881
1.748336261
-0.210089007
3.402315979
-1.990990883
6.649805567
-3.460501585
3.188307215
-1.443172592
-0.959917604
-2.043662456
-0.576488328
-2.729803387
0.159259521
-0.83504726
2.543914682
-1.68503905
6.062148362
-0.654177533
1.85041021
0.805935892
0.078330871
-2.61981145
1.412810773
-1.745313848
-1.394030269
-2.103140938
0.590636568
-1.900716787
5.988124071
-2.690031413
0.628892563
-2.578178619
-1.62790001
-1.973895907
0.152836853
-0.880314957
-1.972800332
-2.380287643
1.929599578
-0.940876857
5.945196269
-0.026155946
2.553896337
-1.932397009
0.44762566
-1.672138656
1.622714277
-2.001639062
-0.95311225
-0.655830808
0.127667524
0.134969724
5.645379603
0.64622642
2.878677332
-1.790116404
0.424017517
-2.452030728
2.435807493
-2.700760637
-1.440571313
-0.27237079
-0.760282086
0.378215663
3.328682221
-0.558033415
-2.190807991
-0.560309048
-3.633630918
-1.182901189
-0.553658143
-0.577307536
-1.415945534
-1.175377808
1.620790616
2.714332645
3.295626306
1.977683523
1.183924615
-0.593983179
0.954469904
0.645390982
0.440812399
1.316029539
-1.031643554
-1.241158501
0.700059742
-1.540673947
-3.897052819
0.16735487
-0.747296358
0.128347591
1.847059295
1.844969021
2.280907769
-0.937078708
-0.139368159
0.331791918
-1.015301366
-0.014675577
4.531871883
-1.044357643
-0.712810792
-0.861407648
-1.882605767
-2.653010855
-1.792489274
0.037870246
1.686919468
-1.522295792
-0.443136935
1.459226188
-5.518958928
1.781228474
1.442624003
0.26978638
2.18050762
2.023601937
-0.629720672
-0.385142765
-1.771210208
0.698328973
0.866446331
-1.712592194
5.473144079
-1.003832783
-0.883013763
0.121825269
-1.395100483
-1.093713192
-0.865634504
2.174774606
2.402003821
-0.037443896
1.251222314
0.8943035
-3.230903208
-0.250399555
-0.005344346
-0.572484579
-1.15553817
0.658404662
-0.843166362
-0.596985867
-0.242242727
2.136269109
-1.418665563
-1.768811719
2.640714136
-2.510791053
0.579862518
2.415088059
-1.933724569
1.191901487
-0.741595942
1.126819253
-2.389774218
-1.537824645
1.811845398
-0.932693952
0.28298955
1.093429899
-0.536320775
-1.045725578
-0.21004152
1.575608619
2.474575347
1.47184673
-2.657670359
1.617437293
-2.546025053
-2.211455307
7.25914259
-2.974437438
-1.788094918
1.470532717
-3.086452978
-0.112628019
1.199853329
1.17822269
0.276136887
-1.769289963
0.610582718
0.933170782
1.198087726
2.040071183
2.180458171
-0.993207502
-0.280792999
1.462438536
1.277782264
1.596122695
-3.377628488
1.320612194
-0.602046665
-2.734927263
5.26276987
-2.409874657
-3.447786907
1.108964969
-2.909091977
0.280422344
1.698611264
0.171346359
-2.162733133
-2.131574631
-0.686046794
0.662581573
1.64472986
-0.319510971
0.952807394
-2.312277739
-0.631765726
2.755875309
1.216588061
0.243746409
-2.050314827
1.555202578
-1.448805236
-1.936494053
8.731353208
-0.170009436
-1.855516373
-0.419753403
-3.284901301
1.161446344
0.270540481
1.75857465
-0.276702647
-0.196389325
0.246778206
-0.991804233
-1.521805741
-0.471719372
-1.331992314
1.333387888
-0.472428735
-0.201059429
0.900211392
1.982578587
-3.213327795
-1.065908683
-1.107807153
-1.184627837
8.217467547
-2.622883405
-0.979361936
-2.712415048
-4.296864118
1.014656959
1.474826115
0.926698308
0.309282153
2.434421415
-0.460731116
0.13116078
-0.26612389
-1.051944607
0.434330007
2.322865404
-1.380501226
1.200739396
0.638349584
0.871892115
-2.385368303
-4.578759087
-0.440288886
-1.671384172
6.177138705
1.004136287
-2.233756048
-1.6016625
-0.921936024
0.685293803
2.665735599
1.206856151
-2.755288554
1.722516403
-2.724034385
-0.073572202
3.905204938
-1.155908234
-0.311815348
-1.465903784
-2.34256613
1.661598977
2.020762492
0.184598426
-0.523084383
-0.8177768
-0.861871097
1.121462663
1.930913636
-0.136810759
-0.702509281
-0.326707654
-0.365197497
-0.317308524
3.41756276
0.936708185
-0.957117464
-0.804930299
-0.203182871
1.056942689
1.503422515
-0.321368297
-0.950674373
-1.791915144
-0.611099887
0.984038303
-0.147596531
0.393592876
0.261872157
0.566857536
0.392579366
-0.237880465
0.306226654
0.394682195
-0.194809532
-0.156359828
-0.997434448
0.075043212
-1.796724315
-1.369465465
-0.799035942
-1.564052786
-0.008103901
-0.72878616
-0.252695082
0.546169268
-0.820258485
0.271233007
-0.299148164
-0.456728362
0.183118661
2.107389467
-1.041553465
1.088778004
0.564921745
-0.778040238
1.916002221
-0.270234485
0.985746206
1.021467954
-1.419902975
1.316410708
-0.320426455
-0.733244853
1.767900509
-1.137905231
-0.323085288
0.137706617
-2.589799391
1.201866658
-0.386147942
1.351075974
3.43641187
-0.875136105
0.397081178
1.053107351
-2.253001461
0.307965015
0.075210426
-0.404304691
5.878822521
-1.008917407
-0.469832608
-0.219544332
-2.744723996
1.816506628
-0.494899725
-0.396937766
1.361406028
0.648829399
0.018270194
-1.265043141
-2.776539541
-1.567023261
1.690396897
-0.122752179
-0.03137776
-2.017781929
-1.197131062
0.119865699
-4.051870656
-0.750631589
-1.336779976
-1.137471639
5.964142526
-0.306034979
-0.691023462
-1.195407638
-1.693447061
1.859085849
2.704487949
2.629060365
0.920283732
1.942022182
1.390154759
-1.455541381
1.663404712
-1.56711117
-0.217189538
1.356725034
-1.263909395
0.907411853
1.165972435
0.850831848
-3.362375167
-2.927458441
-1.692339954
-1.280761632
3.019038548
-1.365286687
-1.05758404
-0.762358326
-0.840761069
0.890884973
2.464090466
-0.20900494
-1.451080748
0.611139514
-0.956193284
0.761990442
1.792675199
-0.659289547
-1.134460231
-0.484412361
-1.733928301
-0.118462612
1.517929361
-0.601960469
-2.150124714
-0.569813802
-0.775814346
-0.874830531
2.534431264
-0.732863617
-1.633789591
-0.012688044
-0.985334666
0.971944264
2.928782588
0.892604481
-0.918839314
-0.094836613
-0.747443987
0.617591626
3.092704288
0.083905163
-2.639572504
-0.360195796
0.044166945
0.310129426
0.942438471
0.936178518
0.83448348
-0.485147448
-2.698204456
0.600843095
3.366227637
1.252889854
-2.000620337
0.151207571
0.574082558
-0.797264502
0.355003738
-0.14063777
-0.444955746
-0.584426198
-2.452214775
-0.81767386
3.425698069
0.072433578
-3.074894085
-0.352928104
-1.079723329
0.05091495
1.920153923
-1.263920115
0.303208696
0.53566266
-1.992458411
1.394524152
4.019454977
-0.025439476
-0.734281215
-1.376752463
0.081204739
0.003562515
0.460465054
-0.120416546
-1.092152937
0.937592158
-1.006336116
-0.872959471
3.862785274
0.16253861
-0.740802339
1.352797442
-0.084016242
-0.107696271
1.191992066
1.666310128
0.497296834
-1.345875674
-4.166315696
0.230410851
3.959915847
1.29497923
-5.411530362
-1.956481271
0.762043304
0.151418515
0.731330503
-1.817457502
-0.877840841
-0.814910956
-1.597028149
-0.770250941
2.235962402
-0.758028176
-1.234299384
2.105648869
0.628729956
-0.101808759
2.033974938
1.898263219
1.698432566
-0.622239839
-2.737213044
1.138626907
3.516076496
0.332570624
-3.218883513
-1.619717108
0.137905099
1.660798028
0.984638944
-0.295730044
0.169015093
1.676559979
-0.670195001
0.561082804
0.100327643
0.320159118
-0.488078092
-1.563710691
0.803554669
-0.541922912
-2.195942481
-0.243357203
0.930774304
-0.460086527
-1.459210222
-0.132436268
1.264733881
-0.755634871
-1.477619963
-0.348314912
1.765139257
0.127743834
-1.165058268
0.900197518
2.371753509
1.11046489
-0.883683418
1.068835317
2.406138997
0.06190731
-1.411636513
-0.025841576
0.387904078
-0.306124734
-1.748828014
-0.880879747
0.165714206
-1.413268581
-1.2731791
-0.932580534
0.971603834
0.783053002
-1.046516556
0.967481979
2.449926606
0.689475144
0.248114962
-0.406974512
0.508431119
-0.051782887
-1.946421424
-0.430510212
0.591032861
-0.696330929
-0.948264747
-0.395367564
2.208013262
0.517147175
-1.454869548
1.344750149
0.518160484
0.210030618
1.631953396
-0.753480534
0.216486032
0.3881167
-0.850897221
0.619803805
-1.224835524
-1.057838968
-0.618459653
-0.388946937
0.489015375
-0.119320085
0.080581281
0.334264372
-1.842796479
-0.030211627
1.311195243
-1.648015457
-1.197405671
2.63598978
-0.74629912
-0.535534505
1.121525855
0.002029645
-1.559052676
0.502165109
2.925346142
0.518173674
-2.516522709
0.918783536
0.359826575
0.177032337
-0.199223958
-0.898886557
-0.82974603
-2.999087303
0.955266784
1.276383356
-4.701839629
0.636120487
3.096999778
-1.896728247
1.32588957
-1.99555615
0.775891146
0.8221589
-0.552010848
2.717652873
-1.376059099
0.030369822
5.467295979
-1.201125787
-0.473488079
1.095825557
-0.001062648
0.695552677
0.163164629
-1.087729054
-0.686993162
0.15489962
0.993896849
1.449794158
-5.298845773
1.514471563
-0.709734277
-0.358734515
-1.050046839
-1.071516228
-0.081696327
0.964903294
0.467411468
-0.225632171
-1.615667256
-2.234413497
4.223936419
-2.13244489
-1.16811073
0.560249974
1.364164019
-0.072839153
-0.768247853
0.553331711
2.562483801
-0.478522286
-0.029042678
2.571116808
-1.502315777
3.511752295
-0.760467698
-0.057218234
2.37435505
0.15686346
-1.46311695
-1.18779407
0.112542264
-0.326029617
-2.517153827
-3.266961427
2.970546622
-2.558611982
-1.955349481
-0.088556317
1.172113036
0.709531384
-1.840459753
1.6241839
2.285829295
-1.318435257
2.290751341
3.921340517
-0.648202267
4.658395964
-0.164669341
-0.206732319
3.371537547
1.45358127
0.496783228
0.979422467
0.640375613
4.419941989
-1.67564319
-0.143533648
6.699646226
-0.913455576
-0.059299621
3.156890352
1.079462614
1.56012458
0.479629517
2.259268882
4.496103619
0.128742286
1.781153492
3.960436503
-0.192129023
3.639703322
3.571452308
-0.105434584
1.901464457
0.95302613
1.305745075
0.360266832
0.651309661
2.555968926
-0.549571827
0.321690898
3.064706236
-0.806112313
0.288819107
2.774584658
2.258790616
2.54540933
1.822294597
2.411827193
3.665080416
0.271818878
3.513713719
4.332101671
0.269314859
2.45272651
1.761665475
0.37615114
3.770229298
0.717762861
0.569854666
2.281909439
-0.969311439
1.845660353
1.050334165
-0.820379049
2.150771285
0.745698425
0.919888419
2.736834626
-0.682007975
1.898695165
2.402050288
1.461502652
2.621841152
0.84541214
2.362019402
2.060484467
0.722980576
1.892445696
1.651401941
2.430414412
1.901042537
1.631162669
2.662170849
2.201664944
2.234065532
2.325476697
2.38107886
1.492220232
2.497305677
0.835276566
2.499643307
1.167344421
1.74371125
0.752848619
0.905154107
0.689260681
0.410248292
1.837516962
-0.966848262
2.127257972
0.845762592
2.936702062
0.843297767
3.122469281
0.237728719
2.239415821
1.498252064
0.99685359
4.832660442
1.275078415
1.148812205
0.280499796
3.878507427
0.381310298
2.11234007
-0.298287952
3.150697436
1.778384108
-0.322715213
1.868492195
2.57398021
2.233936341
0.544230465
2.353248654
1.469815423
2.490052276
-1.454966605
2.441095242
3.440024894
2.180383995
2.002977465
1.850594389
4.1353816
1.553395099
-0.056180639
1.513421307
4.358704596
0.026872867
0.444402526
1.173512002
4.007992658
-0.541377874
-1.017133851
2.78427036
1.01150691
0.505084483
1.051997038
1.114174331
2.656552686
2.680857304
2.040178948
0.354614132
-0.452482575
1.556630017
-2.440465956
-2.122315031
1.491571335
1.270334147
-2.101122225
-1.25646483
4.727826022
-0.502926146
-2.915827345
3.279034561
-0.105967948
-0.194647706
0.112391526
0.813975202
2.915924441
-1.924863969
0.517470209
1.457623364
-1.862433986
1.245414038
-0.873745104
-1.363677772
2.592739286
-0.842792582
0.182250427
-0.023208071
0.535416874
3.105505327
-1.794039668
-3.569799025
4.45270293
-4.449654467
-0.843619456
-1.943445776
1.541130692
0.1864804
-0.769084254
-3.000415562
4.04803374
-2.684359526
0.130254456
0.402276219
2.148774816
-0.199212106
0.993646864
-2.136454197
3.996795233
-2.304541128
-0.887418982
-1.655885535
0.066659149
-0.386350349
0.373693599
-2.108745828
6.592241403
-0.680064906
0.779844344
0.723382693
-0.062016776
-1.521059751
2.836519934
-2.83287164
2.887701385
-1.495172313
0.023389305
0.580756922
4.433779215
0.122745726
-2.019993733
-1.852962637
1.289466027
-3.069210806
1.212012997
-3.184205963
-0.328076437
-2.088020114
0.34844506
-2.197023658
9.777919606
-0.745717754
2.349585682
0.372221131
3.241563068
1.128992738
1.586050953
0.542051462
1.218419039
2.164530902
-1.557746836
4.406471395
5.324654918
3.653389958
0.083421996
-0.503909693
0.710092613
0.109839765
0.050708926
1.063386727
-0.221803072
0.174435731
0.761473773
1.135255384
8.218922524
2.365612711
0.274761934
1.541862956
-1.501107269
0.472102099
2.992190295
0.359406483
0.959516131
0.821838195
1.192638928
5.522299359
0.749437285
5.571384795
2.882222928
2.930208774
1.531617925
1.179519551
2.4492999
0.360396745
1.26278676
4.119577823
2.247829107
-0.821299907
6.965553988
-1.402441441
-0.044351304
2.367999369
-0.124928622
-1.536330341
0.856543976
-1.340394036
-1.599650422
0.402131701
0.306948156
2.88378545
-0.483368857
2.772778207
0.403740805
0.997131063
-0.671962591
-0.486084316
-0.497902383
-2.453765059
-2.233934293
1.321115782
-1.587120977
-2.250733487
5.484952365
-1.971548918
0.873172121
2.028501791
-0.434128745
-3.213641834
-0.33556577
-1.45216137
-1.689303125
1.216946795
-0.07600953
1.374508853
0.405327854
0.391631211
2.287525839
-0.925827842
-0.6274062
-0.922933486
1.386398037
-2.635395589
1.538941368
0.862709229
4.331605706
-0.740193243
5.44150642
-1.01537887
1.804593196
-1.485517379
0.504408622
-3.692325074
0.682003377
-3.932967833
-2.111706739
-1.520328222
-1.923227407
-0.034569573
3.366309587
-0.259352864
0.159726605
-0.072286337
2.151159411
-3.549280662
0.425075831
-1.773271508
2.333825635
-2.632011424
0.898749551
-0.692742581
7.718105757
-1.23373238
0.212627911
-4.175510743
2.43089276
-0.141796512
1.404134231
-3.159019353
2.605689602
-1.787119789
-0.941943216
0.248990458
0.201589509
0.044338535
-2.392408229
-0.81329319
2.782901233
-0.831740163
3.080913285
3.100091145
1.959114572
0.200416661
-1.147983537
1.470865088
5.920442771
2.479893273
-0.916065898
0.537429203
2.717105063
4.989676149
2.184615717
2.991266871
1.332830951
0.887681529
1.632187716
2.875117705
1.681090797
3.649461316
1.092746896
-0.389366407
1.86320477
-0.771771049
2.130792124
1.957879803
-0.768282988
0.533856765
-0.441514345
2.504310196
5.026291653
0.984981198
0.661661155
0.350405332
1.627159924
4.377001487
2.90308699
1.945769528
2.397258527
-0.057540243
1.694255767
2.703403976
0.085837604
2.251912171
-0.644666601
-0.855424893
1.088979827
0.099277316
3.332823519
3.162136465
0.254388422
1.781344467
-0.376321361
0.583915758
4.052570505
0.243713384
0.923771467
0.17804831
-1.796126998
3.239759681
1.38005245
-0.408224765
-0.347495109
-2.698470237
-1.647638262
1.38757006
2.775202181
1.474980385
-1.857046223
-1.757474287
-1.191346766
-1.532658279
0.324320801
-0.675877598
-3.74432267
0.920523901
-0.345179221
1.030759795
6.237037536
1.357045941
-0.524207442
1.759002133
-1.708416843
-2.4207097
3.360521801
-3.393543522
1.35383229
-2.047785629
0.752201107
0.762607544
3.922378754
0.870231115
1.473097482
-3.088063264
0.473831404
-4.024653892
1.631188556
-1.708837036
-2.95111335
-3.077713198
-0.139354763
-2.311967826
5.392628369
-1.228088086
1.36998003
-0.118851547
-0.504939009
0.198540241
4.233850566
-2.022510106
2.303213885
-1.551042958
2.523030233
1.521355804
4.032192471
0.258648744
1.178544872
-4.749388265
-0.175160734
-4.441329592
2.157700515
-2.493495714
-2.720820551
-1.320530502
0.612452099
-1.844097331
6.912280783
-1.370074123
1.963286846
1.245565159
-0.77364239
-0.76206193
1.955397697
-4.515747217
2.510073882
-0.761276634
0.501311686
2.101699709
0.253423408
1.471629321
-0.334948175
-0.011774142
0.29815894
-2.320886313
-0.558046431
-0.493123643
-2.324130349
2.187061928
1.393936555
0.172682601
3.531678695
-0.170460471
0.047286177
2.80396664
-3.070058787
-1.495125007
-0.36744746
-2.279583702
0.166678018
-0.938664572
0.316534383
0.774214318
0.892131358
0.70448713
-1.021323726
-1.039148305
0.115483727
-2.702006712
-0.797907231
-1.670767183
-0.877069562
2.146626107
0.770696533
0.836063693
3.899259602
1.395046904
0.59202651
1.473292569
-0.540145761
-1.225330039
-0.203384238
-1.592989464
-1.338034982
1.510379694
-0.238540317
0.965493044
2.221997148
1.044304386
0.56571796
1.413238247
-1.639953591
-1.365955374
-0.742084318
-1.828330832
-2.011960509
-0.727100204
-0.808590743
-0.309144087
1.515952124
0.274712849
0.240453237
0.941964045
-0.129785828
-1.824015835
0.704786448
-0.610615167
-1.655368504
1.686993284
-0.070242396
-0.169503951
3.244015424
-0.315237231
0.19993114
0.310007275
-0.190760989
0.904262048
0.0538032
0.700051315
1.139591792
0.736753026
-0.370615813
0.459104722
-1.636725505
-0.567609398
-0.978864521
-1.075177194
-0.433595688
-0.7345957
-0.390299236
-0.14011559
0.567615243
0.008246208
0.076845872
1.234459513
0.137520993
0.51924359
1.318807321
0.042801435
0.412428716
0.130157447
0.065197258
-0.146854779
-0.704196282
-0.874872315
1.105417688
-1.156362313
0.789080982
0.744813393
-0.714397714
-0.009962816
0.271210021
-0.812253189
0.294639294
-0.905253507
-1.285279529
0.765292929
-0.697570544
0.098534211
0.467529703
-0.174328679
0.556360601
0.528166838
0.331574307
1.398065314
-0.148430198
0.588815933
1.120882996
0.234024425
-0.347418189
0.235001125
-1.353505943
-1.081228629
-1.507395576
-0.165550944
-2.175580344
-0.410434083
-0.755062829
-0.593624392
0.368070395
0.168898149
1.016446753
0.170922803
0.502175419
0.836315071
1.254887335
0.968080155
0.366867106
0.498033885
0.68646099
0.32853767
0.641192592
-0.077196436
0.092993281
-0.965565535
1.638737835
-0.525002332
0.057603962
0.825818401
-0.261376485
-1.057940073
1.292368044
-0.673328238
-0.590097399
1.091540541
-2.023408921
-1.214162063
0.379061739
-1.519128222
-1.644471047
0.712163047
-0.475337405
-0.636340606
1.774493085
-0.003839671
-0.398769091
1.98719929
-0.788858809
0.004575153
1.330953563
-0.764478423
-0.498975952
0.333077322
-0.54857791
-0.7984609
0.25753539
-1.322410286
-0.06791983
-0.473135124
-0.102753065
0.084916331
0.248983693
0.307999291
0.36993324
0.060827558
-0.071544805
0.13002323
1.234570481
-1.519459374
-0.371146338
0.546339002
-0.998650767
-0.948535229
1.565955395
-0.337969757
-1.784725059
2.738107455
0.080494154
-0.936446
1.794534454
0.91813535
-1.702729632
1.419121311
0.538772084
0.539857951
0.182253704
0.017236544
0.413703087
-0.063449084
-2.532879218
0.123166643
-0.357354369
-2.674889026
-1.066652389
1.411434668
-2.727754365
-1.372942351
3.338481193
-0.852635664
-1.652370488
2.28850057
1.141415597
-0.637356065
1.886151909
1.806098882
0.321372471
0.309183563
1.790805246
0.298353795
0.599028613
-0.326465317
0.842306906
0.310530096
-1.451159388
0.996210466
0.735763298
-1.657834523
-0.285277319
0.970414703
-0.862258632
-3.064768458
2.779103015
-2.205908424
-1.018175295
1.810543576
-0.088002133
-1.924272969
0.582661924
1.120905004
-1.137458004
0.706511756
0.14523168
0.806333891
0.072044673
1.429023834
-1.540175926
0.830034081
-0.144161387
-0.030940576
0.283594343
-3.237780943
2.222402495
0.64753104
-2.190775237
-1.679682868
3.693370969
-2.527253423
-0.831341008
-0.638030991
2.097825976
-0.693085333
-0.32121204
0.047928503
-1.886077918
2.186367478
-0.961292472
0.339275318
-0.646418128
0.416296999
-0.384210714
2.187977631
-1.084473474
0.526562254
0.965896289
0.254219881
4.515771359
2.592952201
-1.936565821
0.329395721
6.689972439
1.198651704
-2.195321868
2.176863957
5.994029651
-0.026959208
0.887230907
2.287780478
0.75301331
3.423060541
1.893054342
2.002465382
0.397730217
1.492288619
1.516991952
2.199983914
0.629958269
2.53904361
0.062804044
1.54517475
4.395635748
0.722686544
-0.974580729
1.319510328
5.851676744
0.741031443
-1.321396975
0.08347526
3.936532821
1.167172294
0.33758825
2.715738972
1.336156167
2.446857276
1.71712123
3.18086634
1.790307365
2.834811304
0.764094887
2.685593596
0.888117646
2.151103724
0.153386577
-2.068173249
3.025216037
-0.890493606
-0.010408253
0.596827686
3.154015626
0.756446277
2.186000529
1.578083494
5.474487226
1.985265529
0.806161788
3.860317593
2.990450497
3.260782861
-0.589307811
3.687566358
1.765037842
3.564878292
-0.704384765
2.073930151
2.816212242
1.427556047
-0.007602265
1.298519876
1.389344846
-1.611419554
0.516389651
-0.877491203
4.424636321
-0.54165955
-0.176252723
-1.556647279
1.806920411
2.58604148
2.460610288
0.621806646
4.687516468
0.009752643
1.730411946
2.270211825
5.431529961
3.046300368
0.375071148
-0.80636425
1.886152071
0.937419662
3.10804086
0.343970367
4.60932912
-1.557714933
0.120274769
1.742541661
5.097994558
1.140986166
1.859341151
-1.110758244
3.633303012
1.719492373
3.023949787
1.671478327
3.682425528
-1.644663489
1.791540794
-0.213431085
5.982730069
-0.072987197
1.169953575
-1.740029127
3.638508176
-0.348893724
3.859834441
1.024282461
2.473068244
-1.866161637
0.452922301
1.201083269
5.65969019
0.47282071
1.675375975
-1.754400987
5.015985906
0.991634156
5.178143229
0.641715813
1.694725432
-0.684713961
4.286426903
1.387308679
2.454979977
1.439586565
2.169611516
0.78293429
-0.402988617
3.725137044
1.863518713
1.977973709
1.792394635
-0.010579034
-1.128788858
1.585658661
2.992198846
1.075227847
-2.286554176
-1.420868189
-0.341107005
0.637994712
2.000389424
1.260468285
-1.739223938
-1.516579087
3.059842335
2.128822663
0.50079905
2.375672336
2.533805212
-1.006909953
-2.227729752
-1.406938836
0.899440185
-1.574199506
0.123351613
-1.763050813
-2.075118471
1.647242983
5.275607779
0.891294089
-2.700790306
-2.065422263
-0.072543955
-1.331145194
-1.632672759
0.336010205
-3.54548164
-0.689655876
0.385015295
2.15936367
0.572077174
2.990077585
-0.617579725
0.279566947
-2.158066461
-1.279776002
1.574760737
0.710715024
-0.421960863
-1.694933462
0.003811212
1.869617463
5.328339446
0.799314494
-0.609543496
-1.968041747
-0.172520516
1.363471789
-1.439332756
-1.683425787
-0.283849027
-0.613199384
-0.239988337
3.045136435
1.381160241
2.408469783
-0.528907232
-0.46327332
-0.931127964
-1.058717318
-1.243036473
1.02845058
-0.075329796
-3.017766287
-1.726438361
-2.147011288
6.145787316
-1.265934031
-0.10641046
-3.704497286
4.967263824
0.5733546
1.229399719
-1.849931508
4.065548362
2.155937737
1.932037321
0.906635017
2.844943978
0.304291504
2.238297702
0.947865044
4.224098382
-1.613280557
1.98952452
1.57995354
5.369200749
-0.607218485
1.055386931
0.045132915
5.329477396
-0.89076481
0.396542255
-0.045708866
4.399076743
0.88631715
2.072344961
0.112468051
4.253876472
1.676474431
3.831556647
-0.452640042
2.66211314
0.249954163
1.832669354
1.078781018
2.775226647
-1.450178353
1.473505576
-1.229198517
4.56321718
-1.479954466
-1.643336439
0.010959505
5.073341724
0.432991328
1.800496488
0.730060803
5.312184637
1.451423059
-0.027264745
2.577812903
3.143784621
0.440984053
1.993740188
2.384563594
1.467409101
1.513929871
1.302144307
0.153124571
3.152325627
2.11839384
-0.148720079
0.679942299
2.298648296
3.243912994
-0.643905376
0.729277865
4.731523305
1.305335035
-0.240876882
3.387463135
3.616985063
1.149739772
0.848326175
2.598451492
3.047081605
1.271319647
0.715650817
2.772985917
2.30225345
2.315079099
0.267808775
-1.418431075
0.56224446
2.748535559
1.891617913
1.1966856
4.163761384
1.346111285
0.186403351
1.511165515
7.144670012
0.865421457
0.194952154
0.059305881
2.254070916
1.495218092
1.638247174
2.132229721
0.736115
-1.084069642
-1.740880983
3.058158968
2.754316702
3.220235698
-0.533664172
0.476683819
2.665790898
3.334735398
1.867297671
2.993083694
2.774267362
-0.174805696
1.596264744
2.102489333
5.30443633
2.129128592
0.387208653
-0.775948384
2.542243227
1.996554085
1.562561389
1.565290029
-0.066534815
2.259814978
0.134559158
3.512941485
0.59497224
1.375435663
1.658395837
1.050503639
1.212497541
-0.169051349
2.560002651
0.812851724
3.576116844
-1.455535812
3.699408544
-0.71003052
6.408164567
-0.760076234
2.749044752
-0.841648246
4.347968973
1.458786339
3.589901012
-0.044265704
2.479813934
1.468967783
3.110519367
0.341030581
0.29458463
0.177605502
2.423482773
-1.99948699
0.784892845
-3.071423861
1.926839344
-1.211989022
2.803685378
-3.620732175
0.00242839
-3.241369321
4.342259277
-3.270378892
1.58145337
-1.354080314
1.615705006
-0.413349864
2.639251454
-3.268761947
0.116282897
1.387564421
1.385198086
-0.376181532
0.017366779
-0.68592936
0.309179818
0.364256124
0.320094367
-1.923983793
2.399940108
-1.543031279
0.591743204
-1.24290516
3.420506352
-3.09388493
3.552208034
-2.186945678
2.400508067
-0.322494106
1.541701445
-2.840203893
1.946876832
-0.859837995
0.342187909
-0.614082861
-0.209270334
-2.146118805
1.620986993
-1.865185862
-0.273455624
0.279166777
1.362759102
-1.428047031
1.377119378
-2.366738643
2.965143935
0.694740854
-0.069103729
-1.989568008
5.435021402
-2.939169562
0.511398758
-2.567699372
2.011885636
-0.981643748
3.042581263
-2.213580076
2.09739664
-1.599671107
-1.55668959
-0.496346325
3.456887721
-0.549418121
-2.214633498
-1.772130728
1.062090784
-2.269408866
2.585546265
-0.930213523
2.107490674
-2.712781092
1.962783935
-0.245978519
8.732840869
-0.526349764
1.022676989
-0.380711137
3.133063002
0.419878681
4.711874329
0.937375327
2.482862023
0.316869812
0.247388253
-0.282275935
6.794856771
0.897249255
0.566889653
-0.370007843
3.036424208
0.010229995
3.880156666
-0.682098921
2.573837003
-0.951202049
-0.082205732
-0.175103129
5.743741625
0.506320376
0.580045228
-0.028439665
3.741984631
1.132556022
4.958158962
0.868118162
4.158241179
0.26474601
1.244887859
0.52135496
6.847819334
-0.471969188
0.683857985
-0.246569299
1.88188237
0.247065465
2.435156692
1.528458452
0.898138579
0.962085176
-0.87223322
0.547180709
4.961195314
1.919080836
-0.959594916
2.256252213
2.838880052
1.1436298
4.108892441
2.360308842
1.308296632
2.403136111
-0.92188532
2.313310337
6.223121609
0.998879597
-0.308823082
0.255911175
1.427608461
1.916956235
2.248877036
1.766948084
2.396002068
0.428803808
-0.456103722
2.66233028
5.566137597
2.097611203
-0.270516247
1.753227491
1.13548336
1.714549617
1.912962815
1.620445286
2.403375596
0.433536012
-0.632723222
4.168295667
3.077064451
2.711566439
-0.588650453
0.754151464
1.569663879
2.935300729
1.377703754
1.870540141
2.62177543
-1.037629757
1.213838694
0.462058142
5.104089708
1.530911678
-1.001673033
-0.32434327
4.176484417
1.332569343
2.131133223
2.792205438
1.09399883
1.89894418
-2.510772052
2.694878666
2.693444012
3.03683224
-0.999694671
1.096943443
1.979337614
2.803312429
1.428841989
1.783850828
1.543955746
-1.006829006
1.99979912
0.818061737
3.649578958
1.326969637
1.255732303
-0.810127866
0.216882506
2.050331142
3.212823813
2.088682265
1.995481251
2.601068048
1.926430151
4.536019958
1.485066448
3.363118576
1.77267753
2.774653361
1.329529389
2.676943263
1.548674449
1.522782694
1.753133997
1.06283825
0.521482639
0.879450348
1.319173874
0.994666006
1.578542264
1.130667609
0.248950171
-0.588962718
-0.050277466
1.140522887
-1.227700099
0.888912634
0.436867335
-1.103074765
1.671756151
0.168804493
-0.358323294
1.922958674
-0.248236752
-1.082915515
1.134973397
-1.576523226
-0.485265315
-0.300920524
-1.888220804
-0.559686135
-1.224551155
-0.99597806
-1.156190695
0.832252199
-0.577528793
-0.358057771
0.768519029
0.495677081
0.741047348
1.005255824
0.909463243
-0.149434715
1.20999522
0.980471448
-0.731820475
1.956158413
-0.791357082
-1.296361032
1.095875923
-1.133111796
-0.585700856
2.143762383
-0.524920648
-1.641736114
1.387459869
-1.433337927
-0.752494132
0.062142712
-1.53867406
0.376763181
1.566141905
-1.057522024
0.986600594
1.366491126
0.155679459
1.567951191
1.164756904
0.031457143
-0.187776182
0.716215763
-0.407626791
0.959481096
3.146960553
0.463069484
-1.98759237
-1.440061911
-1.37254676
0.630378835
1.116932373
0.549791412
-0.596347575
-1.055088585
-0.071572013
0.438656434
1.508995616
0.379201739
-1.049234174
-1.93332323
-1.310888937
-0.512053732
0.689986973
-0.275286867
-1.395254889
-2.028649763
-1.635397711
0.167061582
0.292670893
0.340113398
-1.115646994
-1.568531278
-1.035432575
0.754237204
3.432129063
1.130518078
-1.106339522
0.75734241
-0.279260282
0.236800744
-0.14496996
1.563200029
-2.303357339
-2.729469958
-0.127698782
0.866250478
-0.018457385
1.510611739
0.423324598
-1.337535056
-0.992243495
2.173035758
3.18359473
0.133951181
1.077678444
0.317724504
-2.408650164
0.749594942
2.395009967
-0.675369633
-0.591161612
-2.006488114
-0.328809929
-1.113148756
1.246704245
2.212041231
-0.978321886
-2.759948327
1.472038754
0.018463305
0.442040477
1.522991751
-0.028071105
-1.415314099
-1.117579915
1.188572566
1.144212976
-0.051403155
-0.193218641
-0.196833692
-1.562475384
0.837837974
2.69085222
-0.217745664
-1.883605798
-1.128121734
-0.686149292
-0.204391476
1.429610466
2.127763443
-1.87499336
-0.747135022
0.26727736
0.971896621
1.251018757
0.314484768
-0.59433422
-1.767006247
-1.124236108
0.871352883
2.484343338
-1.848424731
0.220648274
0.836592214
-2.81806262
0.399805165
2.284157396
-0.586835323
-1.640263996
-0.794182263
0.485925558
-1.909176553
1.628031204
1.762898509
-2.814230997
-1.307362756
0.643567682
-0.86566339
0.554834481
0.825371036
-0.094314796
1.165539647
-3.279531656
0.200311777
4.329851908
-1.105180623
-0.575778502
-0.296154645
-4.174182389
0.635306478
5.710813082
0.467847736
-2.90281535
-0.132914822
0.949476852
1.161861286
2.931455235
0.266579208
-2.556280658
-0.492894596
0.953713973
-0.467440961
-0.703104502
-0.1844805
0.765531083
-1.009912588
-2.820985251
1.253707537
0.405395253
0.008544381
1.208977121
-1.707584445
-1.491451919
0.895874383
1.469573711
1.201606225
-1.734857813
0.958446311
0.477242225
-0.306346737
0.548766822
0.424169323
-0.503446646
0.39294335
1.530618713
0.007592037
-1.428120825
0.091366201
3.065939274
-0.442620336
-1.223482297
-0.117588229
-1.035325722
-1.041094388
-0.703519702
0.946515284
-1.712135899
-1.441605816
0.721396031
-1.528432926
-1.479566002
-0.119033166
-0.170879225
-0.680557059
-0.156578715
0.012514799
-0.356350995
0.258161608
0.607564818
0.81936423
0.751621819
0.360111319
0.257481626
0.021013984
0.639461343
0.694510325
0.462914828
-0.065088276
0.832555724
-1.439898427
-0.301075233
-0.503287251
-0.579890476
0.493376844
-0.515972723
0.01199849
1.013635352
-0.473116342
-0.04776825
0.92423371
0.339932611
0.573011444
0.400040535
0.238175361
-0.229644657
0.552103297
-0.0821105
-0.807728945
0.802992517
-1.744743428
1.453561684
-2.199550808
2.023017528
-1.082218334
1.525767011
-0.540924866
1.022054011
-2.012483242
1.83920193
-2.094729171
1.307595254
-1.396322141
1.560498845
-1.42405928
1.696176968
-1.466880723
1.274737475
-2.110971446
1.820047681
-1.439697671
1.444801145
-1.088925149
1.950337587
-2.497216081
2.683149186
-1.251329954
0.995130066
-0.953145371
0.700635322
-1.687903639
1.655312229
-2.539903357
1.594842037
-2.264481899
1.367988752
-0.224949558
0.158590077
-1.075739247
0.882867723
-1.298652015
2.926687268
-2.311715354
0.359441599
0.032243899
1.990417029
-1.611832819
0.530656401
0.439660463
0.634139693
-3.362993993
1.869633425
-1.664676922
-1.218626209
-0.175350934
0.621004756
0.061504607
-1.4956468
1.063042337
0.368314649
-1.412552596
0.966073982
1.503219364
0.827904293
-1.894436718
1.320362465
0.958599595
-1.457700737
0.216084815
0.722462821
-1.39365643
-0.352862809
0.485323061
-1.275564777
-0.268948421
1.243122363
1.326618828
-3.199350341
-0.511400417
3.06207894
-0.46897794
-1.969772468
0.995095251
2.097824104
-0.49999358
-1.203651457
1.477746746
1.020209105
-0.638749404
-0.123039054
0.241021213
-0.274996758
-1.097623958
-0.603587292
-1.635338929
-0.387529345
0.163115984
-1.079194344
-1.422326839
1.55195967
-1.301407748
0.924117584
-0.149526078
4.25385364
1.633174986
2.185966395
2.614157617
4.583260717
1.622500423
0.967234105
1.701865347
1.413141303
3.154077373
-2.193395392
2.813425559
1.904811544
1.710452121
-1.178484183
1.537232485
2.083460148
2.811202163
-0.451069738
1.372031855
3.437946213
0.610235058
1.48882418
-0.068572906
4.035019686
0.996459156
0.631133464
0.997351895
2.555505372
1.405245881
2.206869151
-0.347549
4.240718062
1.051488109
0.499658295
1.51103378
2.690220499
2.251768559
1.905475825
2.127635201
4.206100792
0.945011216
2.590984373
0.604919627
5.328590441
0.076939445
2.87299902
-0.872766294
4.491868399
-0.784311951
1.869414273
-0.849735568
5.63863026
-1.671609948
2.138979088
0.027723295
3.647137886
0.3908022
1.416633284
0.436701571
3.836870649
-0.397280687
0.927866016
-0.337350104
4.004316489
-0.455676761
0.867526414
-0.785970141
5.378228708
-0.885593052
2.986615801
-0.695912654
6.504666399
-0.32653901
3.524071846
-0.479761774
5.027928906
-0.612431486
1.262884279
1.834187174
2.740294328
1.310557494
1.644363552
2.648987011
2.289443521
1.74763735
1.488961176
1.001098755
2.072475851
2.545434908
0.506728786
-1.409660829
4.089666154
-1.126331219
1.435858157
-2.731521673
6.129223927
-2.101561749
1.037203597
0.023474234
6.121217604
-2.069159698
2.590143499
1.672849756
4.189183129
0.509332284
3.679971296
1.456998707
3.602706535
3.167473304
3.774586732
0.399163933
4.301874398
2.173945502
2.507072647
-1.460936853
5.380479739
-0.21396736
0.247676056
-1.19061497
2.601499675
-1.42020823
1.7124374
-0.363470625
3.348161656
-1.806747613
3.653699746
1.93223383
2.447000694
0.541177908
2.895489246
2.511298242
2.227371272
0.9411628
3.410291998
0.377975185
2.378206959
1.113320608
3.731907672
-0.532704728
4.018899332
1.558728579
1.665978903
-0.760189875
3.62688652
-1.138967508
1.868214443
0.273986715
3.738019374
-1.362518948
1.188572853
0.389315467
0.778613929
-1.100912789
2.775407255
-1.227210098
0.451896667
-1.57339978
3.770506018
-2.142998521
0.336976832
-0.077360825
0.784848369
-4.31207953
2.180507731
-2.818407081
0.560087335
-2.484594743
2.811506473
-1.548352469
0.517645572
-0.857784465
2.735538832
-2.647065438
1.748476833
0.358839377
0.74437829
-2.678872566
3.206990067
-2.151738842
-1.40462542
0.121810637
-0.735673242
-0.050272182
-1.909463853
1.290862008
-0.082493291
-1.233361581
0.422432682
2.047155168
-0.898447505
0.024333608
1.507106632
0.432357652
-1.45619937
1.97267699
0.269704683
-1.052749481
0.454139464
0.030068978
0.559286245
-1.893507624
-0.786860521
1.802568023
-0.163414249
0.994564437
1.303860962
-2.028250489
2.564078467
0.704501454
-1.301162856
-0.068857413
1.807689804
0.262921918
-2.377904814
-1.168069058
2.25449789
-1.433783184
-3.136307189
0.769251778
0.923490778
-1.911190502
-1.470084625
0.669399545
0.642405557
1.955343351
-2.192745093
0.986647029
0.678336883
1.241578304
0.578424101
2.980630894
2.583090769
3.26715142
0.409475955
2.190995915
3.81705952
1.308839076
1.352306351
0.372022368
4.458808349
0.514008471
0.92684419
1.110858166
3.968983466
0.883147271
-0.292819549
1.772428219
0.598516823
2.088444584
-0.881648684
2.131729817
2.21393393
2.357206344
-0.655780953
2.989799069
2.556657869
2.251155567
0.499951442
0.810298584
5.070687343
-1.372412755
2.83160881
-0.292045391
3.748044825
-0.888803825
2.511521451
-3.581367903
4.643174575
0.136386414
1.106722006
0.507231544
4.144400085
0.685680956
2.339601441
0.208331559
4.77938476
0.944423851
2.012023923
1.226932406
4.957194665
0.927851193
2.630578557
-0.28448628
4.76238293
-1.359368562
0.164545461
-0.335476011
2.322318542
-1.441741164
0.314611336
-0.741514543
2.156383901
-2.390194452
0.231393987
-1.705658758
3.496777315
-1.602864384
-0.057092765
-1.061731655
3.456678591
-1.620679961
0.445498157
-2.43040357
1.782039862
-1.874872988
-0.616803352
-2.737375252
1.860166736
-0.803499338
-0.872930245
-2.843376308
4.69609067
-2.358331963
-0.043670824
1.754229677
1.653345631
0.081056556
-0.537080273
2.433224492
0.501781326
-0.596559828
0.233020816
0.102456242
-0.227100343
-0.101721777
-0.231904214
-1.97330082
-0.080600679
1.141326655
-1.583149636
-1.805444039
2.078991597
0.298089083
-2.119193382
-0.559604542
2.553264392
0.252122532
-2.469635769
1.849383824
2.944083841
-1.99395347
-0.313361256
1.453327554
0.988998413
-0.249934595
-0.892845291
1.241067193
-0.629391314
-0.443032047
-0.43035847
-1.195513642
-0.755077155
1.158420434
-0.311580262
-0.66668753
1.831825944
0.508187027
0.252712592
-1.178359212
2.387182012
0.094838944
-0.439465708
-0.725843595
1.196669918
-1.313838367
-0.088364358
1.207928856
-1.215474368
-0.560321018
-0.329792066
0.574986942
-2.051415442
1.531442611
0.696505966
0.236729981
-0.649329462
2.40171715
1.010195079
-1.135213955
1.163604368
0.182173426
0.31707384
-1.526911808
2.185730855
-2.666939859
-0.7695446
0.025712359
0.64139289
-1.823711767
-0.947979834
0.203717448
-1.882949052
0.103393917
-0.977819136
1.246939214
-2.584378524
1.371548033
0.976307991
0.445361543
-0.185018131
1.063271102
0.420333106
-0.56388457
1.548148557
1.134624733
-0.044841713
-1.33748778
2.851295562
-0.371735121
-0.460820086
0.428016577
0.496025977
-2.036010037
-0.578539325
0.347536257
-1.567091811
-2.905606026
0.486193531
0.734417198
-2.412531962
2.129206479
0.145560393
0.141074271
0.508633786
3.572965038
0.220160756
-0.893476353
1.732447313
1.430767757
-0.076775862
0.291788138
2.104869205
-1.378494532
0.358039975
-1.137612414
0.625802733
-2.363452123
-0.601186683
1.282671588
-1.883906367
0.393876389
-0.346982424
0.318944277
-2.002414612
0.036645742
-0.197874386
-0.518732366
-2.392709618
0.558143706
0.154471021
-1.195842322
1.474630484
-1.258118106
0.392609498
-0.981596521
0.141504873
0.493377282
1.312289953
0.23860489
2.05200153
0.28423691
0.836202883
0.805587517
-0.805225379
1.847223517
-0.833161918
1.283134747
-0.76005797
0.748447211
-0.268561039
1.022566295
-0.8958045
-0.049466962
-0.103467709
-0.846538128
0.675245936
-0.833182186
1.567376659
-1.415356008
1.589435608
-1.874825464
-0.564163615
-0.147933783
-0.579470028
-1.113914994
-0.750125537
-0.770975418
-0.784197263
0.461613408
-1.751111835
1.007321394
-1.341113257
0.56977872
0.031758027
0.634736706
-0.571408838
1.999131708
0.066247636
0.438377672
1.127890605
-0.881184953
1.091406528
-0.678244828
1.305700856
0.432482072
0.616078099
0.069141942
0.067541283
0.182644756
0.48385153
-0.205260818
-0.458890139
-0.026697476
-0.285623977
-0.261062464
-0.480189728
-0.052870828
-0.604113564
-0.254351779
0.918144798
-1.311427657
-0.316604435
0.40172664
0.206566254
0.00807762
-0.196192373
-0.373810616
-0.209516529
-0.841214032
0.365453872
-0.178106608
0.886111487
-0.096604784
-0.24091829
0.58977133
-0.12043284
0.786021112
0.505838652
1.017576865
0.408216917
0.194802393
0.062855218
0.194771273
-1.200639205
0.866344832
0.420395547
-0.743690478
-1.356529951
-0.028800304
-1.193108485
-0.730373096
-0.547279075
0.626350005
0.154867481
-0.771037345
-0.590936341
0.553028444
0.088350011
1.148663401
2.518925715
-0.311903411
1.372778207
0.240284296
0.549366216
1.653763719
-0.212154914
-0.11392543
0.382591493
-1.24096887
0.180062838
-0.207565634
0.420171888
-0.184278112
-1.00275131
-0.02673099
-0.446499546
-1.7766102
-0.698961386
-0.043708657
-0.48870141
0.89536018
0.375228199
0.366820067
0.021112607
-0.162506945
0.163211794
-0.037078718
-0.473746109
-0.784313584
-0.450992717
-0.276645858
-0.226279771
-0.766167338
-0.828159064
-0.844733018
-0.827132424
0.934854128
0.287656079
0.593189732
1.260673273
0.839486271
0.574673582
-0.337167225
0.880369904
0.436292624
0.534820117
-0.238420948
-0.013752039
-0.412473724
-0.280383354
-1.012180592
-0.46387087
-0.436341269
-0.7869466
0.516358564
-0.194450739
0.781032928
0.473883168
0.564877893
0.257713049
-0.28509295
0.106033654
0.92054861
-0.120483966
-0.256430287
0.197474765
0.119561522
-0.837250313
-0.9094329
-1.932337042
-0.584940226
-0.488670409
-0.32423857
0.352586728
-0.063687801
-0.006457962
1.378135703
1.04971901
0.355225324
0.237032038
0.384589415
1.565967021
0.88092057
0.933597794
1.111424234
-0.160624364
-0.676591989
-0.205108075
-1.294325251
0.351944882
-0.384760707
-1.107749374
0.249377977
-0.507888139
-0.129826215
-0.562081045
-0.964010279
0.847450636
0.55384793
1.190506995
-0.124807014
0.551445837
0.461452564
1.167826574
0.783050549
0.69776996
1.022415327
1.69201719
1.329777317
1.877893984
1.890363358
1.272229553
2.683678061
1.375458904
1.259532618
1.594310397
1.112057499
1.503379236
1.44340469
1.008370979
1.890972744
0.723072692
0.216692687
0.059031099
1.291631362
-0.020556719
1.528678201
1.679792689
1.714637576
3.031186512
2.24630072
1.675234617
3.249775328
1.931436134
0.884692837
3.73740524
0.405239645
3.814547351
0.250763197
3.994160825
1.258513429
3.69059378
0.080446928
3.518703597
-0.401407187
2.251327752
-0.597049506
3.406594786
-0.906140349
2.480095092
0.00533844
1.702138062
0.013843889
2.129266343
-1.492968215
2.973423371
-1.131587556
3.042808548
0.86432589
1.132327133
-1.213904944
0.990276738
-2.160586508
2.345208878
-1.800691353
1.544357698
-1.030618432
0.933903936
-0.277077212
1.527265744
-0.603610292
3.627719819
-0.43096265
1.227973493
-0.896615739
2.963979456
-1.511713658
0.327860192
-0.99920679
2.574451529
-1.500310801
0.862719851
-1.971260548
2.992314788
-1.330079466
0.631047129
-1.328094431
2.16435344
-1.925779799
-2.844493133
0.378411446
0.086995846
-1.010159499
-1.981633238
-0.855594985
0.81258735
-0.413944228
-2.59324473
-0.159879793
1.307404253
-0.263588749
0.296986539
-0.406000679
1.832573629
0.079570828
-1.670770439
0.306897977
1.19165329
-0.482564926
-0.133395253
0.098233042
2.310827235
1.583177
0.345977322
0.071005427
2.111915363
0.175358372
-2.147889372
-0.815595059
0.711566133
-0.872547052
-1.764203687
-0.802516591
0.566948477
-0.366382414
-1.103265348
0.691051416
0.201249001
1.18236529
0.302175278
0.116259089
1.359102302
0.655472423
0.128896393
1.318739675
-0.70386325
-0.877110864
-1.398394108
-0.613391142
-0.517538204
-0.602225374
0.607261163
-0.327752439
-0.69778751
0.248785493
-0.040111167
-0.141411976
1.177593671
0.609277179
-0.281196235
0.448832078
-0.11983127
0.369435889
0.522101051
-0.103964562
0.718061101
0.199879091
-0.393814323
0.972546809
-0.510439944
0.292154459
1.435880441
-0.314484987
0.723312451
-0.453133139
-0.138990588
0.656121354
-0.433927659
-0.887775777
-0.237876009
-1.257320923
-0.531360403
-0.905163062
0.529850544
0.324565382
-0.943441812
-0.077995955
-1.044132841
0.755647466
-0.45922576
-0.488039113
0.582147845
-0.11497148
-0.100887031
0.34988386
-0.78613679
-0.477995714
0.925162164
-0.991397231
0.444440726
-0.502963902
-0.949090792
1.834577415
0.269665476
0.97597902
1.207198525
0.029272883
0.019667752
-0.683123754
-0.100579283
0.428403973
-0.050484686
-0.297550848
1.460047811
-0.010316603
0.52823234
0.144758422
1.01102114
0.19324264
-0.138306938
0.32174588
-0.414468044
0.214266071
-0.903694028
0.429714995
-0.760798218
-0.960374274
-0.766201585
-1.152392163
-0.822489621
-1.350299806
-1.083596769
-0.511241455
-1.174871885
-0.160826608
0.782262969
-0.12359286
0.204075964
-0.072187704
1.029460883
0.859332063
0.035893651
1.442067085
1.293240261
1.092726194
1.247156617
0.331804197
1.082462154
-0.461411978
-0.086202146
0.261413493
-1.144965159
-0.086168012
-0.718458113
-0.586634191
0.18077239
0.20506539
0.255338723
1.015911696
0.62311369
0.027080796
0.100523167
0.100765116
-0.278583884
-0.530444923
0.204876434
-0.414381842
-0.790791095
-0.322470929
-1.126704239
-0.439612583
-0.969651292
0.294550935
0.488419341
-1.0521431
0.584994239
0.28092819
-0.268688584
0.136608288
0.802836202
-0.038547364
0.514040025
-0.270311094
-0.867389958
0.914174479
-0.303438373
0.704310589
0.44070781
0.2755621
0.147048899
0.033476397
0.123063556
0.292663933
0.003056905
0.112409913
0.851860989
-0.695700342
-0.136360417
0.987647818
-0.799022089
0.675858215
0.056972534
-0.231269812
0.249447277
-0.821555536
-0.057759508
-0.667881972
-1.085100243
0.359004312
-0.013596144
-0.313142372
0.191067438
-0.204632511
-1.293338089
-0.274140229
-1.274340773
-0.271288014
0.108621467
-0.650908617
0.78470325
0.177080162
1.368198136
0.729277171
0.609282275
0.525341984
0.64873817
-0.052539481
0.396883825
-0.387698647
0.490739614
0.089752672
-0.197577031
-0.246966779
-0.736424093
-0.883191701
-0.372480657
-1.672536797
0.866535036
0.999523466
-0.10295643
0.391085992
-0.260852437
0.151304723
-0.117618073
0.245442997
-0.827016188
0.302649843
0.5147609
-0.772325441
0.575685538
0.276131339
-0.40204804
1.686294347
-1.087426153
0.982311394
0.828519883
-0.841039579
0.652020197
-0.227481783
-0.398063849
0.822642181
-0.853872729
-1.048346359
0.519406154
-1.185969091
1.02028406
-0.191531552
-0.639385942
1.169792437
-0.353721812
-0.071331095
0.509738296
0.426428049
-0.035770547
0.546600745
0.262922195
-0.452076398
-0.274044182
-0.707453869
-1.220666855
-0.755626213
-1.010241124
-1.518364614
-1.088697174
-0.944848252
-0.630706866
0.07229374
0.339610723
0.593795679
0.331567392
1.147642605
2.103333721
1.068697697
0.893738869
0.982625989
0.577567365
0.88109388
0.646982833
0.527721119
0.179027408
0.254681303
0.20751459
-0.531743652
0.13931966
-0.228018875
-1.148207117
-0.294523083
-0.999648358
-0.859418199
-0.771798894
-1.13404197
-0.306445121
-0.508428658
-0.420033858
0.630223231
-0.897067638
0.306903921
1.819280467
-0.306100676
0.902199004
0.402908105
0.4473484
1.012487222
0.576585004
-0.572187629
0.47012557
-0.767835806
-1.236608037
-1.303061566
-1.17084115
0.147250054
-0.430523809
-0.126533152
0.601958682
0.856139188
0.28835047
0.083270399
0.58769811
1.138662603
0.5776967
0.291050314
0.108310682
0.814639543
0.42366803
-0.122659589
-0.513952353
-0.665482852
-1.828383108
-0.071857413
-0.989650633
-0.803986619
-0.413595811
0.317708641
-0.132979627
-0.806890988
0.650836071
-0.017250723
0.478163022
0.299611507
-0.439716658
1.610623635
0.677083153
-0.906180933
0.970114799
-0.390906401
-0.098479093
0.548350205
-0.110893336
0.502973871
0.341516893
-0.881155655
1.111526726
-0.164182338
-0.500056456
0.426811565
0.604135754
-0.111440462
0.013176516
-0.250452972
-1.549833562
0.445946832
-0.843021327
-1.099668951
0.342871346
-1.14511007
0.314189171
0.795717005
0.20772115
1.212999216
0.503072966
0.678222334
0.958997266
0.338941132
0.657834752
0.702395514
-0.882259272
0.905479344
-1.335006174
-0.125359266
-1.171192664
-1.933729822
0.500666995
-0.503208241
0.276681672
-0.038870433
-0.767265522
-0.048318701
0.615115771
-1.059421137
0.594412414
-0.863229176
-0.147330806
1.254904026
0.883788926
0.837656134
0.240190923
1.114145961
1.61889175
0.383105788
1.052094111
0.18497098
1.063112444
-0.965194795
0.560470389
-0.968815738
-0.242741184
-1.08190679
-1.586743516
-0.902439444
-1.612027297
-0.221278607
-1.774940467
0.153698893
-0.991788803
0.263634016
-0.71451207
0.355741996
-1.240740104
-0.498858793
0.501580305
-0.797145278
0.287326824
0.770646364
0.191650162
0.96857165
-0.284798042
1.184817114
0.975587792
0.289953518
-0.362311615
1.107423914
0.776994085
0.87538251
0.842410893
-0.275085475
1.948390002
-0.553412965
-1.058168387
0.220973494
-1.330135343
-1.039148925
0.550678353
-1.095760591
0.661762758
-1.829970752
-1.100780631
1.276978082
-1.35729625
-0.220636659
1.497165454
-0.578982861
1.004301657
0.230870849
0.539493126
1.804472465
-0.781077527
0.058822559
0.424358817
-1.490318334
-0.217469946
0.988515243
0.000252429
1.956285066
-0.182141155
0.259268872
0.497630518
-0.608323966
0.477010563
0.596333372
-1.379139417
-0.146957132
-0.129809771
-0.37211222
0.157257206
-1.109317986
0.63440441
0.601958228
-0.771892013
-0.436848387
-1.089922158
0.02363499
0.446939245
-0.473983049
0.989556943
-1.442086454
0.18799067
-1.117913222
0.001163939
0.145428057
0.172487104
0.631585759
-0.454066726
0.50617726
0.193971578
0.095797918
-0.529478964
1.096063769
-1.114131269
-0.012239099
-0.525635757
0.145473499
-0.122636171
0.280734258
1.623523613
-0.397756776
0.254457412
0.86426174
-0.505338592
0.73404024
0.336462588
0.716140933
1.162205182
0.919141869
0.001010011
-0.362625762
0.202079517
0.147204436
0.484909966
-0.558149475
-0.322657696
-2.115700882
0.20860363
-1.436428912
-1.259061416
-1.898059855
-0.840618562
-0.49767879
-1.003753813
0.33247028
0.662967695
0.905243925
0.818530907
0.824003102
0.991659345
0.74834137
0.335281997
-0.036757858
0.527641312
0.992269332
1.190289736
0.311837974
0.394238679
0.422046543
-0.587483598
-0.178772858
-1.2038235
-0.457937153
-1.116251473
-0.595925939
-1.014607475
-1.210294446
-1.153565415
-1.470554007
-1.019859482
-1.018579415
-0.199535938
1.392019738
0.386661367
0.708328564
1.392193104
1.31204532
0.930634513
1.05510715
-0.143603974
0.360033918
0.2717241
-0.481105711
0.416203483
-0.321557566
0.06580538
0.931618585
-0.367922434
0.803103394
0.622531409
0.276151709
-0.043692434
0.562752175
-0.877648557
0.787771869
0.349411904
-1.610579036
0.458689337
-1.40989877
-1.375671491
-0.761360936
-1.293582546
-1.128633811
0.296989324
-0.960843622
-0.279210426
-0.269608613
-0.048255467
1.824255866
0.154055437
-0.118105473
1.867787542
-0.77291726
0.708772597
0.559534842
0.507330803
0.761356539
0.164409267
-0.336500755
0.357119531
0.114355843
-1.292602073
0.652083018
-0.332777925
0.372427965
-0.272752184
-0.044866444
-0.097760151
-0.564053427
-0.126544068
0.195017068
-0.359720871
0.282606184
0.861662155
-0.413062396
0.601308011
0.121903776
0.552352007
0.848013058
-0.247923758
0.429798933
1.330399682
-0.801763915
-0.009478025
-0.503418282
0.071872013
0.107700093
-0.585846038
-0.462456045
0.526508686
0.252757418
0.104286431
0.152742691
0.565817903
0.992470849
-0.378927919
0.033264352
-0.816156874
0.18053891
-1.077074817
0.013643899
-1.294820888
-0.858750472
-1.511153803
-1.500177639
-1.540284497
-0.861458165
-0.357288295
-0.415757378
0.083260363
0.563552959
1.19970172
0.954818492
1.506151577
0.084523977
1.33370656
1.626066835
0.131797883
-0.223620052
0.377979851
0.185134217
0.440152596
-0.27968318
0.090187606
-0.997822933
-0.07567542
-0.671769984
-0.064660934
0.056861938
0.456407667
1.076734866
-0.029124316
0.600871684
0.872356469
1.028612755
0.038840438
0.023448632
-0.973650464
-0.101138282
-0.422313122
-0.681054009
0.484041667
0.519251328
-0.44811392
-0.733747394
-1.569387978
-0.401936639
-0.533105573
-0.535877543
0.141723671
-1.031567229
0.742673514
0.235143358
-0.5699792
-0.140599443
1.062326742
0.410012279
0.636145289
0.068212781
0.879850786
0.648682968
1.01479867
1.251929012
0.294805347
-0.364683049
-1.012677144
-1.121652823
-0.189151506
-0.453856827
-0.90345422
-0.28915131
-2.034929395
-0.783897051
-1.770757937
-0.67997233
-0.832090404
0.299715194
0.382370429
0.507334123
0.572628201
0.130312206
0.504174795
0.086057578
1.337028134
1.245886952
0.415125444
0.848126433
0.564662868
0.548451774
1.765371062
0.607978073
0.549176829
-0.350072597
0.007991031
0.186632013
0.261907413
-0.168274347
0.223255261
-0.161654081
-0.101084865
-0.773129198
-1.242407129
0.568869262
-1.126363489
-0.467610387
-0.137132758
-1.454264706
-0.85569574
-0.546437566
-0.889887383
